98 288 192
-1  1 -1
-1 -1 -1
-1  1  1
-1 -0.5 -0.5
-1  0  0
-1  0.5  0.5
-1  1  0.5
-1  1  0
-1  1 -0.5
-1  0.5 -1
-1  0 -1
-1 -0.5 -1
-1 -1  1
-1 -1  0.5
-1 -1  0
-1 -1 -0.5
-1  0.5  1
-1  0  1
-1 -0.5  1
 1 -1 -1
 1  1 -1
 1  1  1
 1  1 -0.5
 1  1  0
 1  1  0.5
 1  0.5  0.5
 1  0  0
 1 -0.5 -0.5
 1 -0.5 -1
 1  0 -1
 1  0.5 -1
 1 -1  1
 1 -0.5  1
 1  0  1
 1  0.5  1
 1 -1 -0.5
 1 -1  0
 1 -1  0.5
-0.5 -1  1
 0 -1  1
 0.5 -1  1
 0.5 -0.5  1
 0  0  1
-0.5  0.5  1
-0.5  1  1
 0  1  1
 0.5  1  1
-0.5  0.5 -1
 0  0 -1
 0.5 -0.5 -1
 0.5 -1 -1
 0 -1 -1
-0.5 -1 -1
 0.5  1 -1
 0  1 -1
-0.5  1 -1
-0.5 -1 -0.5
 0 -1  0
 0.5 -1  0.5
-0.5  1 -0.5
 0  1  0
 0.5  1  0.5
-1  0.5 -0.5
-1  0 -0.5
-1  0.5  0
-1  0  0.5
-1 -0.5  0
-1 -0.5  0.5
 1  0 -0.5
 1  0.5 -0.5
 1  0.5  0
 1 -0.5  0
 1  0  0.5
 1 -0.5  0.5
-0.5  0  1
-0.5 -0.5  1
 0 -0.5  1
 0  0.5  1
 0.5  0  1
 0.5  0.5  1
 0 -0.5 -1
-0.5 -0.5 -1
-0.5  0 -1
 0.5  0 -1
 0  0.5 -1
 0.5  0.5 -1
-0.5 -1  0
 0 -1  0.5
-0.5 -1  0.5
 0.5 -1 -0.5
 0.5 -1  0
 0 -1 -0.5
-0.5  1  0
-0.5  1  0.5
 0  1  0.5
 0  1 -0.5
 0.5  1  0
 0.5  1 -0.5
1 3
3 4
4 5
5 2
2 6
6 7
7 8
8 0
0 9
9 10
10 11
11 1
12 13
13 14
14 15
15 1
2 16
16 17
17 18
18 12
20 22
22 23
23 24
24 21
21 25
25 26
26 27
27 19
19 28
28 29
29 30
30 20
31 32
32 33
33 34
34 21
19 35
35 36
36 37
37 31
12 38
38 39
39 40
40 31
31 41
41 42
42 43
43 2
2 44
44 45
45 46
46 21
0 47
47 48
48 49
49 19
19 50
50 51
51 52
52 1
20 53
53 54
54 55
55 0
1 56
56 57
57 58
58 31
0 59
59 60
60 61
61 21
9 8
10 62
11 63
62 7
63 64
64 6
9 62
10 63
11 3
62 64
63 4
64 5
8 62
62 63
63 3
7 64
64 4
6 5
5 16
4 65
3 66
65 17
66 67
67 18
5 65
4 66
3 15
65 67
66 14
67 13
16 65
65 66
66 15
17 67
67 14
18 13
28 27
29 68
30 69
68 26
69 70
70 25
28 68
29 69
30 22
68 70
69 23
70 24
27 68
68 69
69 22
26 70
70 23
25 24
27 35
26 71
25 72
71 36
72 73
73 37
27 71
26 72
25 34
71 73
72 33
73 32
35 71
71 72
72 34
36 73
73 33
37 32
16 43
17 74
18 75
74 42
75 76
76 41
16 74
17 75
18 38
74 76
75 39
76 40
43 74
74 75
75 38
42 76
76 39
41 40
43 44
42 77
41 78
77 45
78 79
79 46
43 77
42 78
41 32
77 79
78 33
79 34
44 77
77 78
78 32
45 79
79 33
46 34
50 49
51 80
52 81
80 48
81 82
82 47
50 80
51 81
52 11
80 82
81 10
82 9
49 80
80 81
81 11
48 82
82 10
47 9
49 28
48 83
47 84
83 29
84 85
85 30
49 83
48 84
47 55
83 85
84 54
85 53
28 83
83 84
84 55
29 85
85 54
30 53
56 15
57 86
58 87
86 14
87 88
88 13
56 86
57 87
58 40
86 88
87 39
88 38
15 86
86 87
87 40
14 88
88 39
13 38
35 50
36 89
37 90
89 51
90 91
91 52
35 89
36 90
37 58
89 91
90 57
91 56
50 89
89 90
90 58
51 91
91 57
52 56
8 59
7 92
6 93
92 60
93 94
94 61
8 92
7 93
6 44
92 94
93 45
94 46
59 92
92 93
93 44
60 94
94 45
61 46
59 55
60 95
61 96
95 54
96 97
97 53
59 95
60 96
61 24
95 97
96 23
97 22
55 95
95 96
96 24
54 97
97 23
53 22
0 9 8  72 7 8
62 8 9  72 78 84
9 10 62  73 78 9
63 62 10  73 79 85
10 11 63  74 79 10
3 63 11  74 80 86
11 1 3  0 80 11
8 62 7  75 6 84
64 7 62  75 81 87
62 63 64  76 81 85
4 64 63  76 82 88
63 3 4  1 82 86
7 64 6  77 5 87
5 6 64  77 83 89
64 4 5  2 83 88
6 5 2  3 4 89
2 5 16  90 16 3
65 16 5  90 96 102
5 4 65  91 96 2
66 65 4  91 97 103
4 3 66  92 97 1
15 66 3  92 98 104
3 1 15  15 98 0
16 65 17  93 17 102
67 17 65  93 99 105
65 66 67  94 99 103
14 67 66  94 100 106
66 15 14  14 100 104
17 67 18  95 18 105
13 18 67  95 101 107
67 14 13  13 101 106
18 13 12  12 19 107
19 28 27  108 27 28
68 27 28  108 114 120
28 29 68  109 114 29
69 68 29  109 115 121
29 30 69  110 115 30
22 69 30  110 116 122
30 20 22  20 116 31
27 68 26  111 26 120
70 26 68  111 117 123
68 69 70  112 117 121
23 70 69  112 118 124
69 22 23  21 118 122
26 70 25  113 25 123
24 25 70  113 119 125
70 23 24  22 119 124
25 24 21  23 24 125
19 27 35  126 36 27
71 35 27  126 132 138
27 26 71  127 132 26
72 71 26  127 133 139
26 25 72  128 133 25
34 72 25  128 134 140
25 21 34  35 134 24
35 71 36  129 37 138
73 36 71  129 135 141
71 72 73  130 135 139
33 73 72  130 136 142
72 34 33  34 136 140
36 73 37  131 38 141
32 37 73  131 137 143
73 33 32  33 137 142
37 32 31  32 39 143
2 16 43  144 47 16
74 43 16  144 150 156
16 17 74  145 150 17
75 74 17  145 151 157
17 18 75  146 151 18
38 75 18  146 152 158
18 12 38  40 152 19
43 74 42  147 46 156
76 42 74  147 153 159
74 75 76  148 153 157
39 76 75  148 154 160
75 38 39  41 154 158
42 76 41  149 45 159
40 41 76  149 155 161
76 39 40  42 155 160
41 40 31  43 44 161
2 43 44  162 48 47
77 44 43  162 168 174
43 42 77  163 168 46
78 77 42  163 169 175
42 41 78  164 169 45
32 78 41  164 170 176
41 31 32  32 170 44
44 77 45  165 49 174
79 45 77  165 171 177
77 78 79  166 171 175
33 79 78  166 172 178
78 32 33  33 172 176
45 79 46  167 50 177
34 46 79  167 173 179
79 33 34  34 173 178
46 34 21  35 51 179
19 50 49  180 55 56
80 49 50  180 186 192
50 51 80  181 186 57
81 80 51  181 187 193
51 52 81  182 187 58
11 81 52  182 188 194
52 1 11  11 188 59
49 80 48  183 54 192
82 48 80  183 189 195
80 81 82  184 189 193
10 82 81  184 190 196
81 11 10  10 190 194
48 82 47  185 53 195
9 47 82  185 191 197
82 10 9  9 191 196
47 9 0  8 52 197
19 49 28  198 28 55
83 28 49  198 204 210
49 48 83  199 204 54
84 83 48  199 205 211
48 47 84  200 205 53
55 84 47  200 206 212
47 0 55  63 206 52
28 83 29  201 29 210
85 29 83  201 207 213
83 84 85  202 207 211
54 85 84  202 208 214
84 55 54  62 208 212
29 85 30  203 30 213
53 30 85  203 209 215
85 54 53  61 209 214
30 53 20  60 31 215
1 56 15  216 15 64
86 15 56  216 222 228
56 57 86  217 222 65
87 86 57  217 223 229
57 58 87  218 223 66
40 87 58  218 224 230
58 31 40  43 224 67
15 86 14  219 14 228
88 14 86  219 225 231
86 87 88  220 225 229
39 88 87  220 226 232
87 40 39  42 226 230
14 88 13  221 13 231
38 13 88  221 227 233
88 39 38  41 227 232
13 38 12  40 12 233
19 35 50  234 56 36
89 50 35  234 240 246
35 36 89  235 240 37
90 89 36  235 241 247
36 37 90  236 241 38
58 90 37  236 242 248
37 31 58  67 242 39
50 89 51  237 57 246
91 51 89  237 243 249
89 90 91  238 243 247
57 91 90  238 244 250
90 58 57  66 244 248
51 91 52  239 58 249
56 52 91  239 245 251
91 57 56  65 245 250
52 56 1  64 59 251
0 8 59  252 68 7
92 59 8  252 258 264
8 7 92  253 258 6
93 92 7  253 259 265
7 6 93  254 259 5
44 93 6  254 260 266
6 2 44  48 260 4
59 92 60  255 69 264
94 60 92  255 261 267
92 93 94  256 261 265
45 94 93  256 262 268
93 44 45  49 262 266
60 94 61  257 70 267
46 61 94  257 263 269
94 45 46  50 263 268
61 46 21  51 71 269
0 59 55  270 63 68
95 55 59  270 276 282
59 60 95  271 276 69
96 95 60  271 277 283
60 61 96  272 277 70
24 96 61  272 278 284
61 21 24  23 278 71
55 95 54  273 62 282
97 54 95  273 279 285
95 96 97  274 279 283
23 97 96  274 280 286
96 24 23  22 280 284
54 97 53  275 61 285
22 53 97  275 281 287
97 23 22  21 281 286
53 22 20  20 60 287
