218 648 432
-2 -3.5 -1
-2 -4.5 -1
-2 -3.5  1
-2 -4.3333333 -0.66666667
-2 -4.1666667 -0.33333333
-2 -4  0
-2 -3.8333333  0.33333333
-2 -3.6666667  0.66666667
-2 -3.5  0.66666667
-2 -3.5  0.33333333
-2 -3.5  0
-2 -3.5 -0.33333333
-2 -3.5 -0.66666667
-2 -3.6666667 -1
-2 -3.8333333 -1
-2 -4 -1
-2 -4.1666667 -1
-2 -4.3333333 -1
-2 -4.5  1
-2 -4.5  0.66666667
-2 -4.5  0.33333333
-2 -4.5  0
-2 -4.5 -0.33333333
-2 -4.5 -0.66666667
-2 -3.6666667  1
-2 -3.8333333  1
-2 -4  1
-2 -4.1666667  1
-2 -4.3333333  1
 2 -4.5 -1
 2 -3.5 -1
 2 -3.5  1
 2 -3.5 -0.66666667
 2 -3.5 -0.33333333
 2 -3.5  0
 2 -3.5  0.33333333
 2 -3.5  0.66666667
 2 -3.6666667  0.66666667
 2 -3.8333333  0.33333333
 2 -4  0
 2 -4.1666667 -0.33333333
 2 -4.3333333 -0.66666667
 2 -4.3333333 -1
 2 -4.1666667 -1
 2 -4 -1
 2 -3.8333333 -1
 2 -3.6666667 -1
 2 -4.5  1
 2 -4.3333333  1
 2 -4.1666667  1
 2 -4  1
 2 -3.8333333  1
 2 -3.6666667  1
 2 -4.5 -0.66666667
 2 -4.5 -0.33333333
 2 -4.5  0
 2 -4.5  0.33333333
 2 -4.5  0.66666667
-1.3333333 -4.5  1
-0.66666667 -4.5  1
 0 -4.5  1
 0.66666667 -4.5  1
 1.3333333 -4.5  1
 1.3333333 -4.3333333  1
 0.66666667 -4.1666667  1
 0 -4  1
-0.66666667 -3.8333333  1
-1.3333333 -3.6666667  1
-1.3333333 -3.5  1
-0.66666667 -3.5  1
 0 -3.5  1
 0.66666667 -3.5  1
 1.3333333 -3.5  1
-1.3333333 -3.6666667 -1
-0.66666667 -3.8333333 -1
 0 -4 -1
 0.66666667 -4.1666667 -1
 1.3333333 -4.3333333 -1
 1.3333333 -4.5 -1
 0.66666667 -4.5 -1
 0 -4.5 -1
-0.66666667 -4.5 -1
-1.3333333 -4.5 -1
 1.3333333 -3.5 -1
 0.66666667 -3.5 -1
 0 -3.5 -1
-0.66666667 -3.5 -1
-1.3333333 -3.5 -1
-1.3333333 -4.5 -0.66666667
-0.66666667 -4.5 -0.33333333
 0 -4.5  0
 0.66666667 -4.5  0.33333333
 1.3333333 -4.5  0.66666667
-1.3333333 -3.5 -0.66666667
-0.66666667 -3.5 -0.33333333
 0 -3.5  0
 0.66666667 -3.5  0.33333333
 1.3333333 -3.5  0.66666667
-2 -3.6666667 -0.66666667
-2 -3.8333333 -0.66666667
-2 -4 -0.66666667
-2 -4.1666667 -0.66666667
-2 -3.6666667 -0.33333333
-2 -3.8333333 -0.33333333
-2 -4 -0.33333333
-2 -3.6666667  0
-2 -3.8333333  0
-2 -3.6666667  0.33333333
-2 -3.8333333  0.66666667
-2 -4  0.33333333
-2 -4.1666667  2.7755576e-17
-2 -4.3333333 -0.33333333
-2 -4  0.66666667
-2 -4.1666667  0.33333333
-2 -4.3333333  0
-2 -4.1666667  0.66666667
-2 -4.3333333  0.33333333
-2 -4.3333333  0.66666667
 2 -4.1666667 -0.66666667
 2 -4 -0.66666667
 2 -3.8333333 -0.66666667
 2 -3.6666667 -0.66666667
 2 -4 -0.33333333
 2 -3.8333333 -0.33333333
 2 -3.6666667 -0.33333333
 2 -3.8333333  0
 2 -3.6666667  0
 2 -3.6666667  0.33333333
 2 -4.3333333 -0.33333333
 2 -4.1666667 -1.3877788e-16
 2 -4  0.33333333
 2 -3.8333333  0.66666667
 2 -4.3333333 -5.5511151e-17
 2 -4.1666667  0.33333333
 2 -4  0.66666667
 2 -4.3333333  0.33333333
 2 -4.1666667  0.66666667
 2 -4.3333333  0.66666667
-1.3333333 -3.8333333  1
-1.3333333 -4  1
-1.3333333 -4.1666667  1
-1.3333333 -4.3333333  1
-0.66666667 -4  1
-0.66666667 -4.1666667  1
-0.66666667 -4.3333333  1
 0 -4.1666667  1
 0 -4.3333333  1
 0.66666667 -4.3333333  1
-0.66666667 -3.6666667  1
-2.7755576e-16 -3.8333333  1
 0.66666667 -4  1
 1.3333333 -4.1666667  1
-1.110223e-16 -3.6666667  1
 0.66666667 -3.8333333  1
 1.3333333 -4  1
 0.66666667 -3.6666667  1
 1.3333333 -3.8333333  1
 1.3333333 -3.6666667  1
 0.66666667 -4.3333333 -1
 2.7755576e-16 -4.3333333 -1
-0.66666667 -4.3333333 -1
-1.3333333 -4.3333333 -1
 1.110223e-16 -4.1666667 -1
-0.66666667 -4.1666667 -1
-1.3333333 -4.1666667 -1
-0.66666667 -4 -1
-1.3333333 -4 -1
-1.3333333 -3.8333333 -1
 1.3333333 -4.1666667 -1
 0.66666667 -4 -1
 5.5511151e-17 -3.8333333 -1
-0.66666667 -3.6666667 -1
 1.3333333 -4 -1
 0.66666667 -3.8333333 -1
 0 -3.6666667 -1
 1.3333333 -3.8333333 -1
 0.66666667 -3.6666667 -1
 1.3333333 -3.6666667 -1
-1.3333333 -4.5 -0.33333333
-0.66666667 -4.5 -1.3877788e-16
-5.5511151e-17 -4.5  0.33333333
 0.66666667 -4.5  0.66666667
-1.3333333 -4.5 -5.5511151e-17
-0.66666667 -4.5  0.33333333
 0 -4.5  0.66666667
-1.3333333 -4.5  0.33333333
-0.66666667 -4.5  0.66666667
-1.3333333 -4.5  0.66666667
 1.3333333 -4.5 -0.66666667
 1.3333333 -4.5 -0.33333333
 1.3333333 -4.5 -2.7755576e-17
 1.3333333 -4.5  0.33333333
 0.66666667 -4.5 -0.66666667
 0.66666667 -4.5 -0.33333333
 0.66666667 -4.5  0
 0 -4.5 -0.66666667
 0 -4.5 -0.33333333
-0.66666667 -4.5 -0.66666667
-1.3333333 -3.5 -0.33333333
-1.3333333 -3.5 -1.3877788e-16
-1.3333333 -3.5  0.33333333
-1.3333333 -3.5  0.66666667
-0.66666667 -3.5 -5.5511151e-17
-0.66666667 -3.5  0.33333333
-0.66666667 -3.5  0.66666667
 0 -3.5  0.33333333
 0 -3.5  0.66666667
 0.66666667 -3.5  0.66666667
-0.66666667 -3.5 -0.66666667
-2.7755576e-16 -3.5 -0.33333333
 0.66666667 -3.5 -2.7755576e-17
 1.3333333 -3.5  0.33333333
-1.110223e-16 -3.5 -0.66666667
 0.66666667 -3.5 -0.33333333
 1.3333333 -3.5  0
 0.66666667 -3.5 -0.66666667
 1.3333333 -3.5 -0.33333333
 1.3333333 -3.5 -0.66666667
1 3
3 4
4 5
5 6
6 7
7 2
2 8
8 9
9 10
10 11
11 12
12 0
0 13
13 14
14 15
15 16
16 17
17 1
18 19
19 20
20 21
21 22
22 23
23 1
2 24
24 25
25 26
26 27
27 28
28 18
30 32
32 33
33 34
34 35
35 36
36 31
31 37
37 38
38 39
39 40
40 41
41 29
29 42
42 43
43 44
44 45
45 46
46 30
47 48
48 49
49 50
50 51
51 52
52 31
29 53
53 54
54 55
55 56
56 57
57 47
18 58
58 59
59 60
60 61
61 62
62 47
47 63
63 64
64 65
65 66
66 67
67 2
2 68
68 69
69 70
70 71
71 72
72 31
0 73
73 74
74 75
75 76
76 77
77 29
29 78
78 79
79 80
80 81
81 82
82 1
30 83
83 84
84 85
85 86
86 87
87 0
1 88
88 89
89 90
90 91
91 92
92 47
0 93
93 94
94 95
95 96
96 97
97 31
13 12
14 98
15 99
16 100
17 101
98 11
99 102
100 103
101 104
102 10
103 105
104 106
105 9
106 107
107 8
13 98
14 99
15 100
16 101
17 3
98 102
99 103
100 104
101 4
102 105
103 106
104 5
105 107
106 6
107 7
12 98
98 99
99 100
100 101
101 3
11 102
102 103
103 104
104 4
10 105
105 106
106 5
9 107
107 6
8 7
7 24
6 108
5 109
4 110
3 111
108 25
109 112
110 113
111 114
112 26
113 115
114 116
115 27
116 117
117 28
7 108
6 109
5 110
4 111
3 23
108 112
109 113
110 114
111 22
112 115
113 116
114 21
115 117
116 20
117 19
24 108
108 109
109 110
110 111
111 23
25 112
112 113
113 114
114 22
26 115
115 116
116 21
27 117
117 20
28 19
42 41
43 118
44 119
45 120
46 121
118 40
119 122
120 123
121 124
122 39
123 125
124 126
125 38
126 127
127 37
42 118
43 119
44 120
45 121
46 32
118 122
119 123
120 124
121 33
122 125
123 126
124 34
125 127
126 35
127 36
41 118
118 119
119 120
120 121
121 32
40 122
122 123
123 124
124 33
39 125
125 126
126 34
38 127
127 35
37 36
41 53
40 128
39 129
38 130
37 131
128 54
129 132
130 133
131 134
132 55
133 135
134 136
135 56
136 137
137 57
41 128
40 129
39 130
38 131
37 52
128 132
129 133
130 134
131 51
132 135
133 136
134 50
135 137
136 49
137 48
53 128
128 129
129 130
130 131
131 52
54 132
132 133
133 134
134 51
55 135
135 136
136 50
56 137
137 49
57 48
24 67
25 138
26 139
27 140
28 141
138 66
139 142
140 143
141 144
142 65
143 145
144 146
145 64
146 147
147 63
24 138
25 139
26 140
27 141
28 58
138 142
139 143
140 144
141 59
142 145
143 146
144 60
145 147
146 61
147 62
67 138
138 139
139 140
140 141
141 58
66 142
142 143
143 144
144 59
65 145
145 146
146 60
64 147
147 61
63 62
67 68
66 148
65 149
64 150
63 151
148 69
149 152
150 153
151 154
152 70
153 155
154 156
155 71
156 157
157 72
67 148
66 149
65 150
64 151
63 48
148 152
149 153
150 154
151 49
152 155
153 156
154 50
155 157
156 51
157 52
68 148
148 149
149 150
150 151
151 48
69 152
152 153
153 154
154 49
70 155
155 156
156 50
71 157
157 51
72 52
78 77
79 158
80 159
81 160
82 161
158 76
159 162
160 163
161 164
162 75
163 165
164 166
165 74
166 167
167 73
78 158
79 159
80 160
81 161
82 17
158 162
159 163
160 164
161 16
162 165
163 166
164 15
165 167
166 14
167 13
77 158
158 159
159 160
160 161
161 17
76 162
162 163
163 164
164 16
75 165
165 166
166 15
74 167
167 14
73 13
77 42
76 168
75 169
74 170
73 171
168 43
169 172
170 173
171 174
172 44
173 175
174 176
175 45
176 177
177 46
77 168
76 169
75 170
74 171
73 87
168 172
169 173
170 174
171 86
172 175
173 176
174 85
175 177
176 84
177 83
42 168
168 169
169 170
170 171
171 87
43 172
172 173
173 174
174 86
44 175
175 176
176 85
45 177
177 84
46 83
88 23
89 178
90 179
91 180
92 181
178 22
179 182
180 183
181 184
182 21
183 185
184 186
185 20
186 187
187 19
88 178
89 179
90 180
91 181
92 62
178 182
179 183
180 184
181 61
182 185
183 186
184 60
185 187
186 59
187 58
23 178
178 179
179 180
180 181
181 62
22 182
182 183
183 184
184 61
21 185
185 186
186 60
20 187
187 59
19 58
53 78
54 188
55 189
56 190
57 191
188 79
189 192
190 193
191 194
192 80
193 195
194 196
195 81
196 197
197 82
53 188
54 189
55 190
56 191
57 92
188 192
189 193
190 194
191 91
192 195
193 196
194 90
195 197
196 89
197 88
78 188
188 189
189 190
190 191
191 92
79 192
192 193
193 194
194 91
80 195
195 196
196 90
81 197
197 89
82 88
12 93
11 198
10 199
9 200
8 201
198 94
199 202
200 203
201 204
202 95
203 205
204 206
205 96
206 207
207 97
12 198
11 199
10 200
9 201
8 68
198 202
199 203
200 204
201 69
202 205
203 206
204 70
205 207
206 71
207 72
93 198
198 199
199 200
200 201
201 68
94 202
202 203
203 204
204 69
95 205
205 206
206 70
96 207
207 71
97 72
93 87
94 208
95 209
96 210
97 211
208 86
209 212
210 213
211 214
212 85
213 215
214 216
215 84
216 217
217 83
93 208
94 209
95 210
96 211
97 36
208 212
209 213
210 214
211 35
212 215
213 216
214 34
215 217
216 33
217 32
87 208
208 209
209 210
210 211
211 36
86 212
212 213
213 214
214 35
85 215
215 216
216 34
84 217
217 33
83 32
0 13 12  108 11 12
98 12 13  108 123 138
13 14 98  109 123 13
99 98 14  109 124 139
14 15 99  110 124 14
100 99 15  110 125 140
15 16 100  111 125 15
101 100 16  111 126 141
16 17 101  112 126 16
3 101 17  112 127 142
17 1 3  0 127 17
12 98 11  113 10 138
102 11 98  113 128 143
98 99 102  114 128 139
103 102 99  114 129 144
99 100 103  115 129 140
104 103 100  115 130 145
100 101 104  116 130 141
4 104 101  116 131 146
101 3 4  1 131 142
11 102 10  117 9 143
105 10 102  117 132 147
102 103 105  118 132 144
106 105 103  118 133 148
103 104 106  119 133 145
5 106 104  119 134 149
104 4 5  2 134 146
10 105 9  120 8 147
107 9 105  120 135 150
105 106 107  121 135 148
6 107 106  121 136 151
106 5 6  3 136 149
9 107 8  122 7 150
7 8 107  122 137 152
107 6 7  4 137 151
8 7 2  5 6 152
2 7 24  153 24 5
108 24 7  153 168 183
7 6 108  154 168 4
109 108 6  154 169 184
6 5 109  155 169 3
110 109 5  155 170 185
5 4 110  156 170 2
111 110 4  156 171 186
4 3 111  157 171 1
23 111 3  157 172 187
3 1 23  23 172 0
24 108 25  158 25 183
112 25 108  158 173 188
108 109 112  159 173 184
113 112 109  159 174 189
109 110 113  160 174 185
114 113 110  160 175 190
110 111 114  161 175 186
22 114 111  161 176 191
111 23 22  22 176 187
25 112 26  162 26 188
115 26 112  162 177 192
112 113 115  163 177 189
116 115 113  163 178 193
113 114 116  164 178 190
21 116 114  164 179 194
114 22 21  21 179 191
26 115 27  165 27 192
117 27 115  165 180 195
115 116 117  166 180 193
20 117 116  166 181 196
116 21 20  20 181 194
27 117 28  167 28 195
19 28 117  167 182 197
117 20 19  19 182 196
28 19 18  18 29 197
29 42 41  198 41 42
118 41 42  198 213 228
42 43 118  199 213 43
119 118 43  199 214 229
43 44 119  200 214 44
120 119 44  200 215 230
44 45 120  201 215 45
121 120 45  201 216 231
45 46 121  202 216 46
32 121 46  202 217 232
46 30 32  30 217 47
41 118 40  203 40 228
122 40 118  203 218 233
118 119 122  204 218 229
123 122 119  204 219 234
119 120 123  205 219 230
124 123 120  205 220 235
120 121 124  206 220 231
33 124 121  206 221 236
121 32 33  31 221 232
40 122 39  207 39 233
125 39 122  207 222 237
122 123 125  208 222 234
126 125 123  208 223 238
123 124 126  209 223 235
34 126 124  209 224 239
124 33 34  32 224 236
39 125 38  210 38 237
127 38 125  210 225 240
125 126 127  211 225 238
35 127 126  211 226 241
126 34 35  33 226 239
38 127 37  212 37 240
36 37 127  212 227 242
127 35 36  34 227 241
37 36 31  35 36 242
29 41 53  243 54 41
128 53 41  243 258 273
41 40 128  244 258 40
129 128 40  244 259 274
40 39 129  245 259 39
130 129 39  245 260 275
39 38 130  246 260 38
131 130 38  246 261 276
38 37 131  247 261 37
52 131 37  247 262 277
37 31 52  53 262 36
53 128 54  248 55 273
132 54 128  248 263 278
128 129 132  249 263 274
133 132 129  249 264 279
129 130 133  250 264 275
134 133 130  250 265 280
130 131 134  251 265 276
51 134 131  251 266 281
131 52 51  52 266 277
54 132 55  252 56 278
135 55 132  252 267 282
132 133 135  253 267 279
136 135 133  253 268 283
133 134 136  254 268 280
50 136 134  254 269 284
134 51 50  51 269 281
55 135 56  255 57 282
137 56 135  255 270 285
135 136 137  256 270 283
49 137 136  256 271 286
136 50 49  50 271 284
56 137 57  257 58 285
48 57 137  257 272 287
137 49 48  49 272 286
57 48 47  48 59 287
2 24 67  288 71 24
138 67 24  288 303 318
24 25 138  289 303 25
139 138 25  289 304 319
25 26 139  290 304 26
140 139 26  290 305 320
26 27 140  291 305 27
141 140 27  291 306 321
27 28 141  292 306 28
58 141 28  292 307 322
28 18 58  60 307 29
67 138 66  293 70 318
142 66 138  293 308 323
138 139 142  294 308 319
143 142 139  294 309 324
139 140 143  295 309 320
144 143 140  295 310 325
140 141 144  296 310 321
59 144 141  296 311 326
141 58 59  61 311 322
66 142 65  297 69 323
145 65 142  297 312 327
142 143 145  298 312 324
146 145 143  298 313 328
143 144 146  299 313 325
60 146 144  299 314 329
144 59 60  62 314 326
65 145 64  300 68 327
147 64 145  300 315 330
145 146 147  301 315 328
61 147 146  301 316 331
146 60 61  63 316 329
64 147 63  302 67 330
62 63 147  302 317 332
147 61 62  64 317 331
63 62 47  65 66 332
2 67 68  333 72 71
148 68 67  333 348 363
67 66 148  334 348 70
149 148 66  334 349 364
66 65 149  335 349 69
150 149 65  335 350 365
65 64 150  336 350 68
151 150 64  336 351 366
64 63 151  337 351 67
48 151 63  337 352 367
63 47 48  48 352 66
68 148 69  338 73 363
152 69 148  338 353 368
148 149 152  339 353 364
153 152 149  339 354 369
149 150 153  340 354 365
154 153 150  340 355 370
150 151 154  341 355 366
49 154 151  341 356 371
151 48 49  49 356 367
69 152 70  342 74 368
155 70 152  342 357 372
152 153 155  343 357 369
156 155 153  343 358 373
153 154 156  344 358 370
50 156 154  344 359 374
154 49 50  50 359 371
70 155 71  345 75 372
157 71 155  345 360 375
155 156 157  346 360 373
51 157 156  346 361 376
156 50 51  51 361 374
71 157 72  347 76 375
52 72 157  347 362 377
157 51 52  52 362 376
72 52 31  53 77 377
29 78 77  378 83 84
158 77 78  378 393 408
78 79 158  379 393 85
159 158 79  379 394 409
79 80 159  380 394 86
160 159 80  380 395 410
80 81 160  381 395 87
161 160 81  381 396 411
81 82 161  382 396 88
17 161 82  382 397 412
82 1 17  17 397 89
77 158 76  383 82 408
162 76 158  383 398 413
158 159 162  384 398 409
163 162 159  384 399 414
159 160 163  385 399 410
164 163 160  385 400 415
160 161 164  386 400 411
16 164 161  386 401 416
161 17 16  16 401 412
76 162 75  387 81 413
165 75 162  387 402 417
162 163 165  388 402 414
166 165 163  388 403 418
163 164 166  389 403 415
15 166 164  389 404 419
164 16 15  15 404 416
75 165 74  390 80 417
167 74 165  390 405 420
165 166 167  391 405 418
14 167 166  391 406 421
166 15 14  14 406 419
74 167 73  392 79 420
13 73 167  392 407 422
167 14 13  13 407 421
73 13 0  12 78 422
29 77 42  423 42 83
168 42 77  423 438 453
77 76 168  424 438 82
169 168 76  424 439 454
76 75 169  425 439 81
170 169 75  425 440 455
75 74 170  426 440 80
171 170 74  426 441 456
74 73 171  427 441 79
87 171 73  427 442 457
73 0 87  95 442 78
42 168 43  428 43 453
172 43 168  428 443 458
168 169 172  429 443 454
173 172 169  429 444 459
169 170 173  430 444 455
174 173 170  430 445 460
170 171 174  431 445 456
86 174 171  431 446 461
171 87 86  94 446 457
43 172 44  432 44 458
175 44 172  432 447 462
172 173 175  433 447 459
176 175 173  433 448 463
173 174 176  434 448 460
85 176 174  434 449 464
174 86 85  93 449 461
44 175 45  435 45 462
177 45 175  435 450 465
175 176 177  436 450 463
84 177 176  436 451 466
176 85 84  92 451 464
45 177 46  437 46 465
83 46 177  437 452 467
177 84 83  91 452 466
46 83 30  90 47 467
1 88 23  468 23 96
178 23 88  468 483 498
88 89 178  469 483 97
179 178 89  469 484 499
89 90 179  470 484 98
180 179 90  470 485 500
90 91 180  471 485 99
181 180 91  471 486 501
91 92 181  472 486 100
62 181 92  472 487 502
92 47 62  65 487 101
23 178 22  473 22 498
182 22 178  473 488 503
178 179 182  474 488 499
183 182 179  474 489 504
179 180 183  475 489 500
184 183 180  475 490 505
180 181 184  476 490 501
61 184 181  476 491 506
181 62 61  64 491 502
22 182 21  477 21 503
185 21 182  477 492 507
182 183 185  478 492 504
186 185 183  478 493 508
183 184 186  479 493 505
60 186 184  479 494 509
184 61 60  63 494 506
21 185 20  480 20 507
187 20 185  480 495 510
185 186 187  481 495 508
59 187 186  481 496 511
186 60 59  62 496 509
20 187 19  482 19 510
58 19 187  482 497 512
187 59 58  61 497 511
19 58 18  60 18 512
29 53 78  513 84 54
188 78 53  513 528 543
53 54 188  514 528 55
189 188 54  514 529 544
54 55 189  515 529 56
190 189 55  515 530 545
55 56 190  516 530 57
191 190 56  516 531 546
56 57 191  517 531 58
92 191 57  517 532 547
57 47 92  101 532 59
78 188 79  518 85 543
192 79 188  518 533 548
188 189 192  519 533 544
193 192 189  519 534 549
189 190 193  520 534 545
194 193 190  520 535 550
190 191 194  521 535 546
91 194 191  521 536 551
191 92 91  100 536 547
79 192 80  522 86 548
195 80 192  522 537 552
192 193 195  523 537 549
196 195 193  523 538 553
193 194 196  524 538 550
90 196 194  524 539 554
194 91 90  99 539 551
80 195 81  525 87 552
197 81 195  525 540 555
195 196 197  526 540 553
89 197 196  526 541 556
196 90 89  98 541 554
81 197 82  527 88 555
88 82 197  527 542 557
197 89 88  97 542 556
82 88 1  96 89 557
0 12 93  558 102 11
198 93 12  558 573 588
12 11 198  559 573 10
199 198 11  559 574 589
11 10 199  560 574 9
200 199 10  560 575 590
10 9 200  561 575 8
201 200 9  561 576 591
9 8 201  562 576 7
68 201 8  562 577 592
8 2 68  72 577 6
93 198 94  563 103 588
202 94 198  563 578 593
198 199 202  564 578 589
203 202 199  564 579 594
199 200 203  565 579 590
204 203 200  565 580 595
200 201 204  566 580 591
69 204 201  566 581 596
201 68 69  73 581 592
94 202 95  567 104 593
205 95 202  567 582 597
202 203 205  568 582 594
206 205 203  568 583 598
203 204 206  569 583 595
70 206 204  569 584 599
204 69 70  74 584 596
95 205 96  570 105 597
207 96 205  570 585 600
205 206 207  571 585 598
71 207 206  571 586 601
206 70 71  75 586 599
96 207 97  572 106 600
72 97 207  572 587 602
207 71 72  76 587 601
97 72 31  77 107 602
0 93 87  603 95 102
208 87 93  603 618 633
93 94 208  604 618 103
209 208 94  604 619 634
94 95 209  605 619 104
210 209 95  605 620 635
95 96 210  606 620 105
211 210 96  606 621 636
96 97 211  607 621 106
36 211 97  607 622 637
97 31 36  35 622 107
87 208 86  608 94 633
212 86 208  608 623 638
208 209 212  609 623 634
213 212 209  609 624 639
209 210 213  610 624 635
214 213 210  610 625 640
210 211 214  611 625 636
35 214 211  611 626 641
211 36 35  34 626 637
86 212 85  612 93 638
215 85 212  612 627 642
212 213 215  613 627 639
216 215 213  613 628 643
213 214 216  614 628 640
34 216 214  614 629 644
214 35 34  33 629 641
85 215 84  615 92 642
217 84 215  615 630 645
215 216 217  616 630 643
33 217 216  616 631 646
216 34 33  32 631 644
84 217 83  617 91 645
32 83 217  617 632 647
217 33 32  31 632 646
83 32 30  30 90 647
