602 1800 1200
-1  1 -1
-1 -1 -1
-1  1  1
-1 -0.8 -0.8
-1 -0.6 -0.6
-1 -0.4 -0.4
-1 -0.2 -0.2
-1  0  0
-1  0.2  0.2
-1  0.4  0.4
-1  0.6  0.6
-1  0.8  0.8
-1  1  0.8
-1  1  0.6
-1  1  0.4
-1  1  0.2
-1  1  0
-1  1 -0.2
-1  1 -0.4
-1  1 -0.6
-1  1 -0.8
-1  0.8 -1
-1  0.6 -1
-1  0.4 -1
-1  0.2 -1
-1  0 -1
-1 -0.2 -1
-1 -0.4 -1
-1 -0.6 -1
-1 -0.8 -1
-1 -1  1
-1 -1  0.8
-1 -1  0.6
-1 -1  0.4
-1 -1  0.2
-1 -1  0
-1 -1 -0.2
-1 -1 -0.4
-1 -1 -0.6
-1 -1 -0.8
-1  0.8  1
-1  0.6  1
-1  0.4  1
-1  0.2  1
-1  0  1
-1 -0.2  1
-1 -0.4  1
-1 -0.6  1
-1 -0.8  1
 1 -1 -1
 1  1 -1
 1  1  1
 1  1 -0.8
 1  1 -0.6
 1  1 -0.4
 1  1 -0.2
 1  1  0
 1  1  0.2
 1  1  0.4
 1  1  0.6
 1  1  0.8
 1  0.8  0.8
 1  0.6  0.6
 1  0.4  0.4
 1  0.2  0.2
 1  0  0
 1 -0.2 -0.2
 1 -0.4 -0.4
 1 -0.6 -0.6
 1 -0.8 -0.8
 1 -0.8 -1
 1 -0.6 -1
 1 -0.4 -1
 1 -0.2 -1
 1  0 -1
 1  0.2 -1
 1  0.4 -1
 1  0.6 -1
 1  0.8 -1
 1 -1  1
 1 -0.8  1
 1 -0.6  1
 1 -0.4  1
 1 -0.2  1
 1  0  1
 1  0.2  1
 1  0.4  1
 1  0.6  1
 1  0.8  1
 1 -1 -0.8
 1 -1 -0.6
 1 -1 -0.4
 1 -1 -0.2
 1 -1  0
 1 -1  0.2
 1 -1  0.4
 1 -1  0.6
 1 -1  0.8
-0.8 -1  1
-0.6 -1  1
-0.4 -1  1
-0.2 -1  1
 0 -1  1
 0.2 -1  1
 0.4 -1  1
 0.6 -1  1
 0.8 -1  1
 0.8 -0.8  1
 0.6 -0.6  1
 0.4 -0.4  1
 0.2 -0.2  1
 0  0  1
-0.2  0.2  1
-0.4  0.4  1
-0.6  0.6  1
-0.8  0.8  1
-0.8  1  1
-0.6  1  1
-0.4  1  1
-0.2  1  1
 0  1  1
 0.2  1  1
 0.4  1  1
 0.6  1  1
 0.8  1  1
-0.8  0.8 -1
-0.6  0.6 -1
-0.4  0.4 -1
-0.2  0.2 -1
 0  0 -1
 0.2 -0.2 -1
 0.4 -0.4 -1
 0.6 -0.6 -1
 0.8 -0.8 -1
 0.8 -1 -1
 0.6 -1 -1
 0.4 -1 -1
 0.2 -1 -1
 0 -1 -1
-0.2 -1 -1
-0.4 -1 -1
-0.6 -1 -1
-0.8 -1 -1
 0.8  1 -1
 0.6  1 -1
 0.4  1 -1
 0.2  1 -1
 0  1 -1
-0.2  1 -1
-0.4  1 -1
-0.6  1 -1
-0.8  1 -1
-0.8 -1 -0.8
-0.6 -1 -0.6
-0.4 -1 -0.4
-0.2 -1 -0.2
 0 -1  0
 0.2 -1  0.2
 0.4 -1  0.4
 0.6 -1  0.6
 0.8 -1  0.8
-0.8  1 -0.8
-0.6  1 -0.6
-0.4  1 -0.4
-0.2  1 -0.2
 0  1  0
 0.2  1  0.2
 0.4  1  0.4
 0.6  1  0.6
 0.8  1  0.8
-1  0.8 -0.8
-1  0.6 -0.8
-1  0.4 -0.8
-1  0.2 -0.8
-1  2.7755576e-17 -0.8
-1 -0.2 -0.8
-1 -0.4 -0.8
-1 -0.6 -0.8
-1  0.8 -0.6
-1  0.6 -0.6
-1  0.4 -0.6
-1  0.2 -0.6
-1  0 -0.6
-1 -0.2 -0.6
-1 -0.4 -0.6
-1  0.8 -0.4
-1  0.6 -0.4
-1  0.4 -0.4
-1  0.2 -0.4
-1  0 -0.4
-1 -0.2 -0.4
-1  0.8 -0.2
-1  0.6 -0.2
-1  0.4 -0.2
-1  0.2 -0.2
-1  0 -0.2
-1  0.8  0
-1  0.6  0
-1  0.4  5.5511151e-17
-1  0.2  0
-1  0.8  0.2
-1  0.6  0.2
-1  0.4  0.2
-1  0.8  0.4
-1  0.6  0.4
-1  0.8  0.6
-1  0.6  0.8
-1  0.4  0.6
-1  0.2  0.4
-1 -2.7755576e-17  0.2
-1 -0.2  2.7755576e-17
-1 -0.4 -0.2
-1 -0.6 -0.4
-1 -0.8 -0.6
-1  0.4  0.8
-1  0.2  0.6
-1 -5.5511151e-17  0.4
-1 -0.2  0.2
-1 -0.4  0
-1 -0.6 -0.2
-1 -0.8 -0.4
-1  0.2  0.8
-1  0  0.6
-1 -0.2  0.4
-1 -0.4  0.2
-1 -0.6  0
-1 -0.8 -0.2
-1  0  0.8
-1 -0.2  0.6
-1 -0.4  0.4
-1 -0.6  0.2
-1 -0.8  0
-1 -0.2  0.8
-1 -0.4  0.6
-1 -0.6  0.4
-1 -0.8  0.2
-1 -0.4  0.8
-1 -0.6  0.6
-1 -0.8  0.4
-1 -0.6  0.8
-1 -0.8  0.6
-1 -0.8  0.8
 1 -0.6 -0.8
 1 -0.4 -0.8
 1 -0.2 -0.8
 1  2.7755576e-17 -0.8
 1  0.2 -0.8
 1  0.4 -0.8
 1  0.6 -0.8
 1  0.8 -0.8
 1 -0.4 -0.6
 1 -0.2 -0.6
 1  5.5511151e-17 -0.6
 1  0.2 -0.6
 1  0.4 -0.6
 1  0.6 -0.6
 1  0.8 -0.6
 1 -0.2 -0.4
 1  0 -0.4
 1  0.2 -0.4
 1  0.4 -0.4
 1  0.6 -0.4
 1  0.8 -0.4
 1  0 -0.2
 1  0.2 -0.2
 1  0.4 -0.2
 1  0.6 -0.2
 1  0.8 -0.2
 1  0.2  0
 1  0.4  0
 1  0.6  5.5511151e-17
 1  0.8  0
 1  0.4  0.2
 1  0.6  0.2
 1  0.8  0.2
 1  0.6  0.4
 1  0.8  0.4
 1  0.8  0.6
 1 -0.8 -0.6
 1 -0.6 -0.4
 1 -0.4 -0.2
 1 -0.2  2.7755576e-17
 1 -2.7755576e-17  0.2
 1  0.2  0.4
 1  0.4  0.6
 1  0.6  0.8
 1 -0.8 -0.4
 1 -0.6 -0.2
 1 -0.4  5.5511151e-17
 1 -0.2  0.2
 1  0  0.4
 1  0.2  0.6
 1  0.4  0.8
 1 -0.8 -0.2
 1 -0.6  0
 1 -0.4  0.2
 1 -0.2  0.4
 1  0  0.6
 1  0.2  0.8
 1 -0.8  0
 1 -0.6  0.2
 1 -0.4  0.4
 1 -0.2  0.6
 1  0  0.8
 1 -0.8  0.2
 1 -0.6  0.4
 1 -0.4  0.6
 1 -0.2  0.8
 1 -0.8  0.4
 1 -0.6  0.6
 1 -0.4  0.8
 1 -0.8  0.6
 1 -0.6  0.8
 1 -0.8  0.8
-0.8  0.6  1
-0.8  0.4  1
-0.8  0.2  1
-0.8 -2.7755576e-17  1
-0.8 -0.2  1
-0.8 -0.4  1
-0.8 -0.6  1
-0.8 -0.8  1
-0.6  0.4  1
-0.6  0.2  1
-0.6 -5.5511151e-17  1
-0.6 -0.2  1
-0.6 -0.4  1
-0.6 -0.6  1
-0.6 -0.8  1
-0.4  0.2  1
-0.4  0  1
-0.4 -0.2  1
-0.4 -0.4  1
-0.4 -0.6  1
-0.4 -0.8  1
-0.2  0  1
-0.2 -0.2  1
-0.2 -0.4  1
-0.2 -0.6  1
-0.2 -0.8  1
 0 -0.2  1
 0 -0.4  1
 5.5511151e-17 -0.6  1
 0 -0.8  1
 0.2 -0.4  1
 0.2 -0.6  1
 0.2 -0.8  1
 0.4 -0.6  1
 0.4 -0.8  1
 0.6 -0.8  1
-0.6  0.8  1
-0.4  0.6  1
-0.2  0.4  1
 2.7755576e-17  0.2  1
 0.2  2.7755576e-17  1
 0.4 -0.2  1
 0.6 -0.4  1
 0.8 -0.6  1
-0.4  0.8  1
-0.2  0.6  1
 5.5511151e-17  0.4  1
 0.2  0.2  1
 0.4  0  1
 0.6 -0.2  1
 0.8 -0.4  1
-0.2  0.8  1
 0  0.6  1
 0.2  0.4  1
 0.4  0.2  1
 0.6  0  1
 0.8 -0.2  1
 0  0.8  1
 0.2  0.6  1
 0.4  0.4  1
 0.6  0.2  1
 0.8  0  1
 0.2  0.8  1
 0.4  0.6  1
 0.6  0.4  1
 0.8  0.2  1
 0.4  0.8  1
 0.6  0.6  1
 0.8  0.4  1
 0.6  0.8  1
 0.8  0.6  1
 0.8  0.8  1
 0.6 -0.8 -1
 0.4 -0.8 -1
 0.2 -0.8 -1
-2.7755576e-17 -0.8 -1
-0.2 -0.8 -1
-0.4 -0.8 -1
-0.6 -0.8 -1
-0.8 -0.8 -1
 0.4 -0.6 -1
 0.2 -0.6 -1
-5.5511151e-17 -0.6 -1
-0.2 -0.6 -1
-0.4 -0.6 -1
-0.6 -0.6 -1
-0.8 -0.6 -1
 0.2 -0.4 -1
 0 -0.4 -1
-0.2 -0.4 -1
-0.4 -0.4 -1
-0.6 -0.4 -1
-0.8 -0.4 -1
 0 -0.2 -1
-0.2 -0.2 -1
-0.4 -0.2 -1
-0.6 -0.2 -1
-0.8 -0.2 -1
-0.2  0 -1
-0.4  0 -1
-0.6  5.5511151e-17 -1
-0.8  0 -1
-0.4  0.2 -1
-0.6  0.2 -1
-0.8  0.2 -1
-0.6  0.4 -1
-0.8  0.4 -1
-0.8  0.6 -1
 0.8 -0.6 -1
 0.6 -0.4 -1
 0.4 -0.2 -1
 0.2  2.7755576e-17 -1
 2.7755576e-17  0.2 -1
-0.2  0.4 -1
-0.4  0.6 -1
-0.6  0.8 -1
 0.8 -0.4 -1
 0.6 -0.2 -1
 0.4  5.5511151e-17 -1
 0.2  0.2 -1
 0  0.4 -1
-0.2  0.6 -1
-0.4  0.8 -1
 0.8 -0.2 -1
 0.6  0 -1
 0.4  0.2 -1
 0.2  0.4 -1
 0  0.6 -1
-0.2  0.8 -1
 0.8  0 -1
 0.6  0.2 -1
 0.4  0.4 -1
 0.2  0.6 -1
 0  0.8 -1
 0.8  0.2 -1
 0.6  0.4 -1
 0.4  0.6 -1
 0.2  0.8 -1
 0.8  0.4 -1
 0.6  0.6 -1
 0.4  0.8 -1
 0.8  0.6 -1
 0.6  0.8 -1
 0.8  0.8 -1
-0.8 -1 -0.6
-0.6 -1 -0.4
-0.4 -1 -0.2
-0.2 -1  2.7755576e-17
-2.7755576e-17 -1  0.2
 0.2 -1  0.4
 0.4 -1  0.6
 0.6 -1  0.8
-0.8 -1 -0.4
-0.6 -1 -0.2
-0.4 -1  5.5511151e-17
-0.2 -1  0.2
 0 -1  0.4
 0.2 -1  0.6
 0.4 -1  0.8
-0.8 -1 -0.2
-0.6 -1  0
-0.4 -1  0.2
-0.2 -1  0.4
 0 -1  0.6
 0.2 -1  0.8
-0.8 -1  0
-0.6 -1  0.2
-0.4 -1  0.4
-0.2 -1  0.6
 0 -1  0.8
-0.8 -1  0.2
-0.6 -1  0.4
-0.4 -1  0.6
-0.2 -1  0.8
-0.8 -1  0.4
-0.6 -1  0.6
-0.4 -1  0.8
-0.8 -1  0.6
-0.6 -1  0.8
-0.8 -1  0.8
 0.8 -1 -0.8
 0.8 -1 -0.6
 0.8 -1 -0.4
 0.8 -1 -0.2
 0.8 -1 -2.7755576e-17
 0.8 -1  0.2
 0.8 -1  0.4
 0.8 -1  0.6
 0.6 -1 -0.8
 0.6 -1 -0.6
 0.6 -1 -0.4
 0.6 -1 -0.2
 0.6 -1  0
 0.6 -1  0.2
 0.6 -1  0.4
 0.4 -1 -0.8
 0.4 -1 -0.6
 0.4 -1 -0.4
 0.4 -1 -0.2
 0.4 -1  0
 0.4 -1  0.2
 0.2 -1 -0.8
 0.2 -1 -0.6
 0.2 -1 -0.4
 0.2 -1 -0.2
 0.2 -1  0
 0 -1 -0.8
 0 -1 -0.6
-5.5511151e-17 -1 -0.4
 0 -1 -0.2
-0.2 -1 -0.8
-0.2 -1 -0.6
-0.2 -1 -0.4
-0.4 -1 -0.8
-0.4 -1 -0.6
-0.6 -1 -0.8
-0.8  1 -0.6
-0.8  1 -0.4
-0.8  1 -0.2
-0.8  1  2.7755576e-17
-0.8  1  0.2
-0.8  1  0.4
-0.8  1  0.6
-0.8  1  0.8
-0.6  1 -0.4
-0.6  1 -0.2
-0.6  1  5.5511151e-17
-0.6  1  0.2
-0.6  1  0.4
-0.6  1  0.6
-0.6  1  0.8
-0.4  1 -0.2
-0.4  1  0
-0.4  1  0.2
-0.4  1  0.4
-0.4  1  0.6
-0.4  1  0.8
-0.2  1  0
-0.2  1  0.2
-0.2  1  0.4
-0.2  1  0.6
-0.2  1  0.8
 0  1  0.2
 0  1  0.4
 5.5511151e-17  1  0.6
 0  1  0.8
 0.2  1  0.4
 0.2  1  0.6
 0.2  1  0.8
 0.4  1  0.6
 0.4  1  0.8
 0.6  1  0.8
-0.6  1 -0.8
-0.4  1 -0.6
-0.2  1 -0.4
 2.7755576e-17  1 -0.2
 0.2  1 -2.7755576e-17
 0.4  1  0.2
 0.6  1  0.4
 0.8  1  0.6
-0.4  1 -0.8
-0.2  1 -0.6
 5.5511151e-17  1 -0.4
 0.2  1 -0.2
 0.4  1  0
 0.6  1  0.2
 0.8  1  0.4
-0.2  1 -0.8
 0  1 -0.6
 0.2  1 -0.4
 0.4  1 -0.2
 0.6  1  0
 0.8  1  0.2
 0  1 -0.8
 0.2  1 -0.6
 0.4  1 -0.4
 0.6  1 -0.2
 0.8  1  0
 0.2  1 -0.8
 0.4  1 -0.6
 0.6  1 -0.4
 0.8  1 -0.2
 0.4  1 -0.8
 0.6  1 -0.6
 0.8  1 -0.4
 0.6  1 -0.8
 0.8  1 -0.6
 0.8  1 -0.8
1 3
3 4
4 5
5 6
6 7
7 8
8 9
9 10
10 11
11 2
2 12
12 13
13 14
14 15
15 16
16 17
17 18
18 19
19 20
20 0
0 21
21 22
22 23
23 24
24 25
25 26
26 27
27 28
28 29
29 1
30 31
31 32
32 33
33 34
34 35
35 36
36 37
37 38
38 39
39 1
2 40
40 41
41 42
42 43
43 44
44 45
45 46
46 47
47 48
48 30
50 52
52 53
53 54
54 55
55 56
56 57
57 58
58 59
59 60
60 51
51 61
61 62
62 63
63 64
64 65
65 66
66 67
67 68
68 69
69 49
49 70
70 71
71 72
72 73
73 74
74 75
75 76
76 77
77 78
78 50
79 80
80 81
81 82
82 83
83 84
84 85
85 86
86 87
87 88
88 51
49 89
89 90
90 91
91 92
92 93
93 94
94 95
95 96
96 97
97 79
30 98
98 99
99 100
100 101
101 102
102 103
103 104
104 105
105 106
106 79
79 107
107 108
108 109
109 110
110 111
111 112
112 113
113 114
114 115
115 2
2 116
116 117
117 118
118 119
119 120
120 121
121 122
122 123
123 124
124 51
0 125
125 126
126 127
127 128
128 129
129 130
130 131
131 132
132 133
133 49
49 134
134 135
135 136
136 137
137 138
138 139
139 140
140 141
141 142
142 1
50 143
143 144
144 145
145 146
146 147
147 148
148 149
149 150
150 151
151 0
1 152
152 153
153 154
154 155
155 156
156 157
157 158
158 159
159 160
160 79
0 161
161 162
162 163
163 164
164 165
165 166
166 167
167 168
168 169
169 51
21 20
22 170
23 171
24 172
25 173
26 174
27 175
28 176
29 177
170 19
171 178
172 179
173 180
174 181
175 182
176 183
177 184
178 18
179 185
180 186
181 187
182 188
183 189
184 190
185 17
186 191
187 192
188 193
189 194
190 195
191 16
192 196
193 197
194 198
195 199
196 15
197 200
198 201
199 202
200 14
201 203
202 204
203 13
204 205
205 12
21 170
22 171
23 172
24 173
25 174
26 175
27 176
28 177
29 3
170 178
171 179
172 180
173 181
174 182
175 183
176 184
177 4
178 185
179 186
180 187
181 188
182 189
183 190
184 5
185 191
186 192
187 193
188 194
189 195
190 6
191 196
192 197
193 198
194 199
195 7
196 200
197 201
198 202
199 8
200 203
201 204
202 9
203 205
204 10
205 11
20 170
170 171
171 172
172 173
173 174
174 175
175 176
176 177
177 3
19 178
178 179
179 180
180 181
181 182
182 183
183 184
184 4
18 185
185 186
186 187
187 188
188 189
189 190
190 5
17 191
191 192
192 193
193 194
194 195
195 6
16 196
196 197
197 198
198 199
199 7
15 200
200 201
201 202
202 8
14 203
203 204
204 9
13 205
205 10
12 11
11 40
10 206
9 207
8 208
7 209
6 210
5 211
4 212
3 213
206 41
207 214
208 215
209 216
210 217
211 218
212 219
213 220
214 42
215 221
216 222
217 223
218 224
219 225
220 226
221 43
222 227
223 228
224 229
225 230
226 231
227 44
228 232
229 233
230 234
231 235
232 45
233 236
234 237
235 238
236 46
237 239
238 240
239 47
240 241
241 48
11 206
10 207
9 208
8 209
7 210
6 211
5 212
4 213
3 39
206 214
207 215
208 216
209 217
210 218
211 219
212 220
213 38
214 221
215 222
216 223
217 224
218 225
219 226
220 37
221 227
222 228
223 229
224 230
225 231
226 36
227 232
228 233
229 234
230 235
231 35
232 236
233 237
234 238
235 34
236 239
237 240
238 33
239 241
240 32
241 31
40 206
206 207
207 208
208 209
209 210
210 211
211 212
212 213
213 39
41 214
214 215
215 216
216 217
217 218
218 219
219 220
220 38
42 221
221 222
222 223
223 224
224 225
225 226
226 37
43 227
227 228
228 229
229 230
230 231
231 36
44 232
232 233
233 234
234 235
235 35
45 236
236 237
237 238
238 34
46 239
239 240
240 33
47 241
241 32
48 31
70 69
71 242
72 243
73 244
74 245
75 246
76 247
77 248
78 249
242 68
243 250
244 251
245 252
246 253
247 254
248 255
249 256
250 67
251 257
252 258
253 259
254 260
255 261
256 262
257 66
258 263
259 264
260 265
261 266
262 267
263 65
264 268
265 269
266 270
267 271
268 64
269 272
270 273
271 274
272 63
273 275
274 276
275 62
276 277
277 61
70 242
71 243
72 244
73 245
74 246
75 247
76 248
77 249
78 52
242 250
243 251
244 252
245 253
246 254
247 255
248 256
249 53
250 257
251 258
252 259
253 260
254 261
255 262
256 54
257 263
258 264
259 265
260 266
261 267
262 55
263 268
264 269
265 270
266 271
267 56
268 272
269 273
270 274
271 57
272 275
273 276
274 58
275 277
276 59
277 60
69 242
242 243
243 244
244 245
245 246
246 247
247 248
248 249
249 52
68 250
250 251
251 252
252 253
253 254
254 255
255 256
256 53
67 257
257 258
258 259
259 260
260 261
261 262
262 54
66 263
263 264
264 265
265 266
266 267
267 55
65 268
268 269
269 270
270 271
271 56
64 272
272 273
273 274
274 57
63 275
275 276
276 58
62 277
277 59
61 60
69 89
68 278
67 279
66 280
65 281
64 282
63 283
62 284
61 285
278 90
279 286
280 287
281 288
282 289
283 290
284 291
285 292
286 91
287 293
288 294
289 295
290 296
291 297
292 298
293 92
294 299
295 300
296 301
297 302
298 303
299 93
300 304
301 305
302 306
303 307
304 94
305 308
306 309
307 310
308 95
309 311
310 312
311 96
312 313
313 97
69 278
68 279
67 280
66 281
65 282
64 283
63 284
62 285
61 88
278 286
279 287
280 288
281 289
282 290
283 291
284 292
285 87
286 293
287 294
288 295
289 296
290 297
291 298
292 86
293 299
294 300
295 301
296 302
297 303
298 85
299 304
300 305
301 306
302 307
303 84
304 308
305 309
306 310
307 83
308 311
309 312
310 82
311 313
312 81
313 80
89 278
278 279
279 280
280 281
281 282
282 283
283 284
284 285
285 88
90 286
286 287
287 288
288 289
289 290
290 291
291 292
292 87
91 293
293 294
294 295
295 296
296 297
297 298
298 86
92 299
299 300
300 301
301 302
302 303
303 85
93 304
304 305
305 306
306 307
307 84
94 308
308 309
309 310
310 83
95 311
311 312
312 82
96 313
313 81
97 80
40 115
41 314
42 315
43 316
44 317
45 318
46 319
47 320
48 321
314 114
315 322
316 323
317 324
318 325
319 326
320 327
321 328
322 113
323 329
324 330
325 331
326 332
327 333
328 334
329 112
330 335
331 336
332 337
333 338
334 339
335 111
336 340
337 341
338 342
339 343
340 110
341 344
342 345
343 346
344 109
345 347
346 348
347 108
348 349
349 107
40 314
41 315
42 316
43 317
44 318
45 319
46 320
47 321
48 98
314 322
315 323
316 324
317 325
318 326
319 327
320 328
321 99
322 329
323 330
324 331
325 332
326 333
327 334
328 100
329 335
330 336
331 337
332 338
333 339
334 101
335 340
336 341
337 342
338 343
339 102
340 344
341 345
342 346
343 103
344 347
345 348
346 104
347 349
348 105
349 106
115 314
314 315
315 316
316 317
317 318
318 319
319 320
320 321
321 98
114 322
322 323
323 324
324 325
325 326
326 327
327 328
328 99
113 329
329 330
330 331
331 332
332 333
333 334
334 100
112 335
335 336
336 337
337 338
338 339
339 101
111 340
340 341
341 342
342 343
343 102
110 344
344 345
345 346
346 103
109 347
347 348
348 104
108 349
349 105
107 106
115 116
114 350
113 351
112 352
111 353
110 354
109 355
108 356
107 357
350 117
351 358
352 359
353 360
354 361
355 362
356 363
357 364
358 118
359 365
360 366
361 367
362 368
363 369
364 370
365 119
366 371
367 372
368 373
369 374
370 375
371 120
372 376
373 377
374 378
375 379
376 121
377 380
378 381
379 382
380 122
381 383
382 384
383 123
384 385
385 124
115 350
114 351
113 352
112 353
111 354
110 355
109 356
108 357
107 80
350 358
351 359
352 360
353 361
354 362
355 363
356 364
357 81
358 365
359 366
360 367
361 368
362 369
363 370
364 82
365 371
366 372
367 373
368 374
369 375
370 83
371 376
372 377
373 378
374 379
375 84
376 380
377 381
378 382
379 85
380 383
381 384
382 86
383 385
384 87
385 88
116 350
350 351
351 352
352 353
353 354
354 355
355 356
356 357
357 80
117 358
358 359
359 360
360 361
361 362
362 363
363 364
364 81
118 365
365 366
366 367
367 368
368 369
369 370
370 82
119 371
371 372
372 373
373 374
374 375
375 83
120 376
376 377
377 378
378 379
379 84
121 380
380 381
381 382
382 85
122 383
383 384
384 86
123 385
385 87
124 88
134 133
135 386
136 387
137 388
138 389
139 390
140 391
141 392
142 393
386 132
387 394
388 395
389 396
390 397
391 398
392 399
393 400
394 131
395 401
396 402
397 403
398 404
399 405
400 406
401 130
402 407
403 408
404 409
405 410
406 411
407 129
408 412
409 413
410 414
411 415
412 128
413 416
414 417
415 418
416 127
417 419
418 420
419 126
420 421
421 125
134 386
135 387
136 388
137 389
138 390
139 391
140 392
141 393
142 29
386 394
387 395
388 396
389 397
390 398
391 399
392 400
393 28
394 401
395 402
396 403
397 404
398 405
399 406
400 27
401 407
402 408
403 409
404 410
405 411
406 26
407 412
408 413
409 414
410 415
411 25
412 416
413 417
414 418
415 24
416 419
417 420
418 23
419 421
420 22
421 21
133 386
386 387
387 388
388 389
389 390
390 391
391 392
392 393
393 29
132 394
394 395
395 396
396 397
397 398
398 399
399 400
400 28
131 401
401 402
402 403
403 404
404 405
405 406
406 27
130 407
407 408
408 409
409 410
410 411
411 26
129 412
412 413
413 414
414 415
415 25
128 416
416 417
417 418
418 24
127 419
419 420
420 23
126 421
421 22
125 21
133 70
132 422
131 423
130 424
129 425
128 426
127 427
126 428
125 429
422 71
423 430
424 431
425 432
426 433
427 434
428 435
429 436
430 72
431 437
432 438
433 439
434 440
435 441
436 442
437 73
438 443
439 444
440 445
441 446
442 447
443 74
444 448
445 449
446 450
447 451
448 75
449 452
450 453
451 454
452 76
453 455
454 456
455 77
456 457
457 78
133 422
132 423
131 424
130 425
129 426
128 427
127 428
126 429
125 151
422 430
423 431
424 432
425 433
426 434
427 435
428 436
429 150
430 437
431 438
432 439
433 440
434 441
435 442
436 149
437 443
438 444
439 445
440 446
441 447
442 148
443 448
444 449
445 450
446 451
447 147
448 452
449 453
450 454
451 146
452 455
453 456
454 145
455 457
456 144
457 143
70 422
422 423
423 424
424 425
425 426
426 427
427 428
428 429
429 151
71 430
430 431
431 432
432 433
433 434
434 435
435 436
436 150
72 437
437 438
438 439
439 440
440 441
441 442
442 149
73 443
443 444
444 445
445 446
446 447
447 148
74 448
448 449
449 450
450 451
451 147
75 452
452 453
453 454
454 146
76 455
455 456
456 145
77 457
457 144
78 143
152 39
153 458
154 459
155 460
156 461
157 462
158 463
159 464
160 465
458 38
459 466
460 467
461 468
462 469
463 470
464 471
465 472
466 37
467 473
468 474
469 475
470 476
471 477
472 478
473 36
474 479
475 480
476 481
477 482
478 483
479 35
480 484
481 485
482 486
483 487
484 34
485 488
486 489
487 490
488 33
489 491
490 492
491 32
492 493
493 31
152 458
153 459
154 460
155 461
156 462
157 463
158 464
159 465
160 106
458 466
459 467
460 468
461 469
462 470
463 471
464 472
465 105
466 473
467 474
468 475
469 476
470 477
471 478
472 104
473 479
474 480
475 481
476 482
477 483
478 103
479 484
480 485
481 486
482 487
483 102
484 488
485 489
486 490
487 101
488 491
489 492
490 100
491 493
492 99
493 98
39 458
458 459
459 460
460 461
461 462
462 463
463 464
464 465
465 106
38 466
466 467
467 468
468 469
469 470
470 471
471 472
472 105
37 473
473 474
474 475
475 476
476 477
477 478
478 104
36 479
479 480
480 481
481 482
482 483
483 103
35 484
484 485
485 486
486 487
487 102
34 488
488 489
489 490
490 101
33 491
491 492
492 100
32 493
493 99
31 98
89 134
90 494
91 495
92 496
93 497
94 498
95 499
96 500
97 501
494 135
495 502
496 503
497 504
498 505
499 506
500 507
501 508
502 136
503 509
504 510
505 511
506 512
507 513
508 514
509 137
510 515
511 516
512 517
513 518
514 519
515 138
516 520
517 521
518 522
519 523
520 139
521 524
522 525
523 526
524 140
525 527
526 528
527 141
528 529
529 142
89 494
90 495
91 496
92 497
93 498
94 499
95 500
96 501
97 160
494 502
495 503
496 504
497 505
498 506
499 507
500 508
501 159
502 509
503 510
504 511
505 512
506 513
507 514
508 158
509 515
510 516
511 517
512 518
513 519
514 157
515 520
516 521
517 522
518 523
519 156
520 524
521 525
522 526
523 155
524 527
525 528
526 154
527 529
528 153
529 152
134 494
494 495
495 496
496 497
497 498
498 499
499 500
500 501
501 160
135 502
502 503
503 504
504 505
505 506
506 507
507 508
508 159
136 509
509 510
510 511
511 512
512 513
513 514
514 158
137 515
515 516
516 517
517 518
518 519
519 157
138 520
520 521
521 522
522 523
523 156
139 524
524 525
525 526
526 155
140 527
527 528
528 154
141 529
529 153
142 152
20 161
19 530
18 531
17 532
16 533
15 534
14 535
13 536
12 537
530 162
531 538
532 539
533 540
534 541
535 542
536 543
537 544
538 163
539 545
540 546
541 547
542 548
543 549
544 550
545 164
546 551
547 552
548 553
549 554
550 555
551 165
552 556
553 557
554 558
555 559
556 166
557 560
558 561
559 562
560 167
561 563
562 564
563 168
564 565
565 169
20 530
19 531
18 532
17 533
16 534
15 535
14 536
13 537
12 116
530 538
531 539
532 540
533 541
534 542
535 543
536 544
537 117
538 545
539 546
540 547
541 548
542 549
543 550
544 118
545 551
546 552
547 553
548 554
549 555
550 119
551 556
552 557
553 558
554 559
555 120
556 560
557 561
558 562
559 121
560 563
561 564
562 122
563 565
564 123
565 124
161 530
530 531
531 532
532 533
533 534
534 535
535 536
536 537
537 116
162 538
538 539
539 540
540 541
541 542
542 543
543 544
544 117
163 545
545 546
546 547
547 548
548 549
549 550
550 118
164 551
551 552
552 553
553 554
554 555
555 119
165 556
556 557
557 558
558 559
559 120
166 560
560 561
561 562
562 121
167 563
563 564
564 122
168 565
565 123
169 124
161 151
162 566
163 567
164 568
165 569
166 570
167 571
168 572
169 573
566 150
567 574
568 575
569 576
570 577
571 578
572 579
573 580
574 149
575 581
576 582
577 583
578 584
579 585
580 586
581 148
582 587
583 588
584 589
585 590
586 591
587 147
588 592
589 593
590 594
591 595
592 146
593 596
594 597
595 598
596 145
597 599
598 600
599 144
600 601
601 143
161 566
162 567
163 568
164 569
165 570
166 571
167 572
168 573
169 60
566 574
567 575
568 576
569 577
570 578
571 579
572 580
573 59
574 581
575 582
576 583
577 584
578 585
579 586
580 58
581 587
582 588
583 589
584 590
585 591
586 57
587 592
588 593
589 594
590 595
591 56
592 596
593 597
594 598
595 55
596 599
597 600
598 54
599 601
600 53
601 52
151 566
566 567
567 568
568 569
569 570
570 571
571 572
572 573
573 60
150 574
574 575
575 576
576 577
577 578
578 579
579 580
580 59
149 581
581 582
582 583
583 584
584 585
585 586
586 58
148 587
587 588
588 589
589 590
590 591
591 57
147 592
592 593
593 594
594 595
595 56
146 596
596 597
597 598
598 55
145 599
599 600
600 54
144 601
601 53
143 52
0 21 20  180 19 20
170 20 21  180 225 270
21 22 170  181 225 21
171 170 22  181 226 271
22 23 171  182 226 22
172 171 23  182 227 272
23 24 172  183 227 23
173 172 24  183 228 273
24 25 173  184 228 24
174 173 25  184 229 274
25 26 174  185 229 25
175 174 26  185 230 275
26 27 175  186 230 26
176 175 27  186 231 276
27 28 176  187 231 27
177 176 28  187 232 277
28 29 177  188 232 28
3 177 29  188 233 278
29 1 3  0 233 29
20 170 19  189 18 270
178 19 170  189 234 279
170 171 178  190 234 271
179 178 171  190 235 280
171 172 179  191 235 272
180 179 172  191 236 281
172 173 180  192 236 273
181 180 173  192 237 282
173 174 181  193 237 274
182 181 174  193 238 283
174 175 182  194 238 275
183 182 175  194 239 284
175 176 183  195 239 276
184 183 176  195 240 285
176 177 184  196 240 277
4 184 177  196 241 286
177 3 4  1 241 278
19 178 18  197 17 279
185 18 178  197 242 287
178 179 185  198 242 280
186 185 179  198 243 288
179 180 186  199 243 281
187 186 180  199 244 289
180 181 187  200 244 282
188 187 181  200 245 290
181 182 188  201 245 283
189 188 182  201 246 291
182 183 189  202 246 284
190 189 183  202 247 292
183 184 190  203 247 285
5 190 184  203 248 293
184 4 5  2 248 286
18 185 17  204 16 287
191 17 185  204 249 294
185 186 191  205 249 288
192 191 186  205 250 295
186 187 192  206 250 289
193 192 187  206 251 296
187 188 193  207 251 290
194 193 188  207 252 297
188 189 194  208 252 291
195 194 189  208 253 298
189 190 195  209 253 292
6 195 190  209 254 299
190 5 6  3 254 293
17 191 16  210 15 294
196 16 191  210 255 300
191 192 196  211 255 295
197 196 192  211 256 301
192 193 197  212 256 296
198 197 193  212 257 302
193 194 198  213 257 297
199 198 194  213 258 303
194 195 199  214 258 298
7 199 195  214 259 304
195 6 7  4 259 299
16 196 15  215 14 300
200 15 196  215 260 305
196 197 200  216 260 301
201 200 197  216 261 306
197 198 201  217 261 302
202 201 198  217 262 307
198 199 202  218 262 303
8 202 199  218 263 308
199 7 8  5 263 304
15 200 14  219 13 305
203 14 200  219 264 309
200 201 203  220 264 306
204 203 201  220 265 310
201 202 204  221 265 307
9 204 202  221 266 311
202 8 9  6 266 308
14 203 13  222 12 309
205 13 203  222 267 312
203 204 205  223 267 310
10 205 204  223 268 313
204 9 10  7 268 311
13 205 12  224 11 312
11 12 205  224 269 314
205 10 11  8 269 313
12 11 2  9 10 314
2 11 40  315 40 9
206 40 11  315 360 405
11 10 206  316 360 8
207 206 10  316 361 406
10 9 207  317 361 7
208 207 9  317 362 407
9 8 208  318 362 6
209 208 8  318 363 408
8 7 209  319 363 5
210 209 7  319 364 409
7 6 210  320 364 4
211 210 6  320 365 410
6 5 211  321 365 3
212 211 5  321 366 411
5 4 212  322 366 2
213 212 4  322 367 412
4 3 213  323 367 1
39 213 3  323 368 413
3 1 39  39 368 0
40 206 41  324 41 405
214 41 206  324 369 414
206 207 214  325 369 406
215 214 207  325 370 415
207 208 215  326 370 407
216 215 208  326 371 416
208 209 216  327 371 408
217 216 209  327 372 417
209 210 217  328 372 409
218 217 210  328 373 418
210 211 218  329 373 410
219 218 211  329 374 419
211 212 219  330 374 411
220 219 212  330 375 420
212 213 220  331 375 412
38 220 213  331 376 421
213 39 38  38 376 413
41 214 42  332 42 414
221 42 214  332 377 422
214 215 221  333 377 415
222 221 215  333 378 423
215 216 222  334 378 416
223 222 216  334 379 424
216 217 223  335 379 417
224 223 217  335 380 425
217 218 224  336 380 418
225 224 218  336 381 426
218 219 225  337 381 419
226 225 219  337 382 427
219 220 226  338 382 420
37 226 220  338 383 428
220 38 37  37 383 421
42 221 43  339 43 422
227 43 221  339 384 429
221 222 227  340 384 423
228 227 222  340 385 430
222 223 228  341 385 424
229 228 223  341 386 431
223 224 229  342 386 425
230 229 224  342 387 432
224 225 230  343 387 426
231 230 225  343 388 433
225 226 231  344 388 427
36 231 226  344 389 434
226 37 36  36 389 428
43 227 44  345 44 429
232 44 227  345 390 435
227 228 232  346 390 430
233 232 228  346 391 436
228 229 233  347 391 431
234 233 229  347 392 437
229 230 234  348 392 432
235 234 230  348 393 438
230 231 235  349 393 433
35 235 231  349 394 439
231 36 35  35 394 434
44 232 45  350 45 435
236 45 232  350 395 440
232 233 236  351 395 436
237 236 233  351 396 441
233 234 237  352 396 437
238 237 234  352 397 442
234 235 238  353 397 438
34 238 235  353 398 443
235 35 34  34 398 439
45 236 46  354 46 440
239 46 236  354 399 444
236 237 239  355 399 441
240 239 237  355 400 445
237 238 240  356 400 442
33 240 238  356 401 446
238 34 33  33 401 443
46 239 47  357 47 444
241 47 239  357 402 447
239 240 241  358 402 445
32 241 240  358 403 448
240 33 32  32 403 446
47 241 48  359 48 447
31 48 241  359 404 449
241 32 31  31 404 448
48 31 30  30 49 449
49 70 69  450 69 70
242 69 70  450 495 540
70 71 242  451 495 71
243 242 71  451 496 541
71 72 243  452 496 72
244 243 72  452 497 542
72 73 244  453 497 73
245 244 73  453 498 543
73 74 245  454 498 74
246 245 74  454 499 544
74 75 246  455 499 75
247 246 75  455 500 545
75 76 247  456 500 76
248 247 76  456 501 546
76 77 248  457 501 77
249 248 77  457 502 547
77 78 249  458 502 78
52 249 78  458 503 548
78 50 52  50 503 79
69 242 68  459 68 540
250 68 242  459 504 549
242 243 250  460 504 541
251 250 243  460 505 550
243 244 251  461 505 542
252 251 244  461 506 551
244 245 252  462 506 543
253 252 245  462 507 552
245 246 253  463 507 544
254 253 246  463 508 553
246 247 254  464 508 545
255 254 247  464 509 554
247 248 255  465 509 546
256 255 248  465 510 555
248 249 256  466 510 547
53 256 249  466 511 556
249 52 53  51 511 548
68 250 67  467 67 549
257 67 250  467 512 557
250 251 257  468 512 550
258 257 251  468 513 558
251 252 258  469 513 551
259 258 252  469 514 559
252 253 259  470 514 552
260 259 253  470 515 560
253 254 260  471 515 553
261 260 254  471 516 561
254 255 261  472 516 554
262 261 255  472 517 562
255 256 262  473 517 555
54 262 256  473 518 563
256 53 54  52 518 556
67 257 66  474 66 557
263 66 257  474 519 564
257 258 263  475 519 558
264 263 258  475 520 565
258 259 264  476 520 559
265 264 259  476 521 566
259 260 265  477 521 560
266 265 260  477 522 567
260 261 266  478 522 561
267 266 261  478 523 568
261 262 267  479 523 562
55 267 262  479 524 569
262 54 55  53 524 563
66 263 65  480 65 564
268 65 263  480 525 570
263 264 268  481 525 565
269 268 264  481 526 571
264 265 269  482 526 566
270 269 265  482 527 572
265 266 270  483 527 567
271 270 266  483 528 573
266 267 271  484 528 568
56 271 267  484 529 574
267 55 56  54 529 569
65 268 64  485 64 570
272 64 268  485 530 575
268 269 272  486 530 571
273 272 269  486 531 576
269 270 273  487 531 572
274 273 270  487 532 577
270 271 274  488 532 573
57 274 271  488 533 578
271 56 57  55 533 574
64 272 63  489 63 575
275 63 272  489 534 579
272 273 275  490 534 576
276 275 273  490 535 580
273 274 276  491 535 577
58 276 274  491 536 581
274 57 58  56 536 578
63 275 62  492 62 579
277 62 275  492 537 582
275 276 277  493 537 580
59 277 276  493 538 583
276 58 59  57 538 581
62 277 61  494 61 582
60 61 277  494 539 584
277 59 60  58 539 583
61 60 51  59 60 584
49 69 89  585 90 69
278 89 69  585 630 675
69 68 278  586 630 68
279 278 68  586 631 676
68 67 279  587 631 67
280 279 67  587 632 677
67 66 280  588 632 66
281 280 66  588 633 678
66 65 281  589 633 65
282 281 65  589 634 679
65 64 282  590 634 64
283 282 64  590 635 680
64 63 283  591 635 63
284 283 63  591 636 681
63 62 284  592 636 62
285 284 62  592 637 682
62 61 285  593 637 61
88 285 61  593 638 683
61 51 88  89 638 60
89 278 90  594 91 675
286 90 278  594 639 684
278 279 286  595 639 676
287 286 279  595 640 685
279 280 287  596 640 677
288 287 280  596 641 686
280 281 288  597 641 678
289 288 281  597 642 687
281 282 289  598 642 679
290 289 282  598 643 688
282 283 290  599 643 680
291 290 283  599 644 689
283 284 291  600 644 681
292 291 284  600 645 690
284 285 292  601 645 682
87 292 285  601 646 691
285 88 87  88 646 683
90 286 91  602 92 684
293 91 286  602 647 692
286 287 293  603 647 685
294 293 287  603 648 693
287 288 294  604 648 686
295 294 288  604 649 694
288 289 295  605 649 687
296 295 289  605 650 695
289 290 296  606 650 688
297 296 290  606 651 696
290 291 297  607 651 689
298 297 291  607 652 697
291 292 298  608 652 690
86 298 292  608 653 698
292 87 86  87 653 691
91 293 92  609 93 692
299 92 293  609 654 699
293 294 299  610 654 693
300 299 294  610 655 700
294 295 300  611 655 694
301 300 295  611 656 701
295 296 301  612 656 695
302 301 296  612 657 702
296 297 302  613 657 696
303 302 297  613 658 703
297 298 303  614 658 697
85 303 298  614 659 704
298 86 85  86 659 698
92 299 93  615 94 699
304 93 299  615 660 705
299 300 304  616 660 700
305 304 300  616 661 706
300 301 305  617 661 701
306 305 301  617 662 707
301 302 306  618 662 702
307 306 302  618 663 708
302 303 307  619 663 703
84 307 303  619 664 709
303 85 84  85 664 704
93 304 94  620 95 705
308 94 304  620 665 710
304 305 308  621 665 706
309 308 305  621 666 711
305 306 309  622 666 707
310 309 306  622 667 712
306 307 310  623 667 708
83 310 307  623 668 713
307 84 83  84 668 709
94 308 95  624 96 710
311 95 308  624 669 714
308 309 311  625 669 711
312 311 309  625 670 715
309 310 312  626 670 712
82 312 310  626 671 716
310 83 82  83 671 713
95 311 96  627 97 714
313 96 311  627 672 717
311 312 313  628 672 715
81 313 312  628 673 718
312 82 81  82 673 716
96 313 97  629 98 717
80 97 313  629 674 719
313 81 80  81 674 718
97 80 79  80 99 719
2 40 115  720 119 40
314 115 40  720 765 810
40 41 314  721 765 41
315 314 41  721 766 811
41 42 315  722 766 42
316 315 42  722 767 812
42 43 316  723 767 43
317 316 43  723 768 813
43 44 317  724 768 44
318 317 44  724 769 814
44 45 318  725 769 45
319 318 45  725 770 815
45 46 319  726 770 46
320 319 46  726 771 816
46 47 320  727 771 47
321 320 47  727 772 817
47 48 321  728 772 48
98 321 48  728 773 818
48 30 98  100 773 49
115 314 114  729 118 810
322 114 314  729 774 819
314 315 322  730 774 811
323 322 315  730 775 820
315 316 323  731 775 812
324 323 316  731 776 821
316 317 324  732 776 813
325 324 317  732 777 822
317 318 325  733 777 814
326 325 318  733 778 823
318 319 326  734 778 815
327 326 319  734 779 824
319 320 327  735 779 816
328 327 320  735 780 825
320 321 328  736 780 817
99 328 321  736 781 826
321 98 99  101 781 818
114 322 113  737 117 819
329 113 322  737 782 827
322 323 329  738 782 820
330 329 323  738 783 828
323 324 330  739 783 821
331 330 324  739 784 829
324 325 331  740 784 822
332 331 325  740 785 830
325 326 332  741 785 823
333 332 326  741 786 831
326 327 333  742 786 824
334 333 327  742 787 832
327 328 334  743 787 825
100 334 328  743 788 833
328 99 100  102 788 826
113 329 112  744 116 827
335 112 329  744 789 834
329 330 335  745 789 828
336 335 330  745 790 835
330 331 336  746 790 829
337 336 331  746 791 836
331 332 337  747 791 830
338 337 332  747 792 837
332 333 338  748 792 831
339 338 333  748 793 838
333 334 339  749 793 832
101 339 334  749 794 839
334 100 101  103 794 833
112 335 111  750 115 834
340 111 335  750 795 840
335 336 340  751 795 835
341 340 336  751 796 841
336 337 341  752 796 836
342 341 337  752 797 842
337 338 342  753 797 837
343 342 338  753 798 843
338 339 343  754 798 838
102 343 339  754 799 844
339 101 102  104 799 839
111 340 110  755 114 840
344 110 340  755 800 845
340 341 344  756 800 841
345 344 341  756 801 846
341 342 345  757 801 842
346 345 342  757 802 847
342 343 346  758 802 843
103 346 343  758 803 848
343 102 103  105 803 844
110 344 109  759 113 845
347 109 344  759 804 849
344 345 347  760 804 846
348 347 345  760 805 850
345 346 348  761 805 847
104 348 346  761 806 851
346 103 104  106 806 848
109 347 108  762 112 849
349 108 347  762 807 852
347 348 349  763 807 850
105 349 348  763 808 853
348 104 105  107 808 851
108 349 107  764 111 852
106 107 349  764 809 854
349 105 106  108 809 853
107 106 79  109 110 854
2 115 116  855 120 119
350 116 115  855 900 945
115 114 350  856 900 118
351 350 114  856 901 946
114 113 351  857 901 117
352 351 113  857 902 947
113 112 352  858 902 116
353 352 112  858 903 948
112 111 353  859 903 115
354 353 111  859 904 949
111 110 354  860 904 114
355 354 110  860 905 950
110 109 355  861 905 113
356 355 109  861 906 951
109 108 356  862 906 112
357 356 108  862 907 952
108 107 357  863 907 111
80 357 107  863 908 953
107 79 80  80 908 110
116 350 117  864 121 945
358 117 350  864 909 954
350 351 358  865 909 946
359 358 351  865 910 955
351 352 359  866 910 947
360 359 352  866 911 956
352 353 360  867 911 948
361 360 353  867 912 957
353 354 361  868 912 949
362 361 354  868 913 958
354 355 362  869 913 950
363 362 355  869 914 959
355 356 363  870 914 951
364 363 356  870 915 960
356 357 364  871 915 952
81 364 357  871 916 961
357 80 81  81 916 953
117 358 118  872 122 954
365 118 358  872 917 962
358 359 365  873 917 955
366 365 359  873 918 963
359 360 366  874 918 956
367 366 360  874 919 964
360 361 367  875 919 957
368 367 361  875 920 965
361 362 368  876 920 958
369 368 362  876 921 966
362 363 369  877 921 959
370 369 363  877 922 967
363 364 370  878 922 960
82 370 364  878 923 968
364 81 82  82 923 961
118 365 119  879 123 962
371 119 365  879 924 969
365 366 371  880 924 963
372 371 366  880 925 970
366 367 372  881 925 964
373 372 367  881 926 971
367 368 373  882 926 965
374 373 368  882 927 972
368 369 374  883 927 966
375 374 369  883 928 973
369 370 375  884 928 967
83 375 370  884 929 974
370 82 83  83 929 968
119 371 120  885 124 969
376 120 371  885 930 975
371 372 376  886 930 970
377 376 372  886 931 976
372 373 377  887 931 971
378 377 373  887 932 977
373 374 378  888 932 972
379 378 374  888 933 978
374 375 379  889 933 973
84 379 375  889 934 979
375 83 84  84 934 974
120 376 121  890 125 975
380 121 376  890 935 980
376 377 380  891 935 976
381 380 377  891 936 981
377 378 381  892 936 977
382 381 378  892 937 982
378 379 382  893 937 978
85 382 379  893 938 983
379 84 85  85 938 979
121 380 122  894 126 980
383 122 380  894 939 984
380 381 383  895 939 981
384 383 381  895 940 985
381 382 384  896 940 982
86 384 382  896 941 986
382 85 86  86 941 983
122 383 123  897 127 984
385 123 383  897 942 987
383 384 385  898 942 985
87 385 384  898 943 988
384 86 87  87 943 986
123 385 124  899 128 987
88 124 385  899 944 989
385 87 88  88 944 988
124 88 51  89 129 989
49 134 133  990 139 140
386 133 134  990 1035 1080
134 135 386  991 1035 141
387 386 135  991 1036 1081
135 136 387  992 1036 142
388 387 136  992 1037 1082
136 137 388  993 1037 143
389 388 137  993 1038 1083
137 138 389  994 1038 144
390 389 138  994 1039 1084
138 139 390  995 1039 145
391 390 139  995 1040 1085
139 140 391  996 1040 146
392 391 140  996 1041 1086
140 141 392  997 1041 147
393 392 141  997 1042 1087
141 142 393  998 1042 148
29 393 142  998 1043 1088
142 1 29  29 1043 149
133 386 132  999 138 1080
394 132 386  999 1044 1089
386 387 394  1000 1044 1081
395 394 387  1000 1045 1090
387 388 395  1001 1045 1082
396 395 388  1001 1046 1091
388 389 396  1002 1046 1083
397 396 389  1002 1047 1092
389 390 397  1003 1047 1084
398 397 390  1003 1048 1093
390 391 398  1004 1048 1085
399 398 391  1004 1049 1094
391 392 399  1005 1049 1086
400 399 392  1005 1050 1095
392 393 400  1006 1050 1087
28 400 393  1006 1051 1096
393 29 28  28 1051 1088
132 394 131  1007 137 1089
401 131 394  1007 1052 1097
394 395 401  1008 1052 1090
402 401 395  1008 1053 1098
395 396 402  1009 1053 1091
403 402 396  1009 1054 1099
396 397 403  1010 1054 1092
404 403 397  1010 1055 1100
397 398 404  1011 1055 1093
405 404 398  1011 1056 1101
398 399 405  1012 1056 1094
406 405 399  1012 1057 1102
399 400 406  1013 1057 1095
27 406 400  1013 1058 1103
400 28 27  27 1058 1096
131 401 130  1014 136 1097
407 130 401  1014 1059 1104
401 402 407  1015 1059 1098
408 407 402  1015 1060 1105
402 403 408  1016 1060 1099
409 408 403  1016 1061 1106
403 404 409  1017 1061 1100
410 409 404  1017 1062 1107
404 405 410  1018 1062 1101
411 410 405  1018 1063 1108
405 406 411  1019 1063 1102
26 411 406  1019 1064 1109
406 27 26  26 1064 1103
130 407 129  1020 135 1104
412 129 407  1020 1065 1110
407 408 412  1021 1065 1105
413 412 408  1021 1066 1111
408 409 413  1022 1066 1106
414 413 409  1022 1067 1112
409 410 414  1023 1067 1107
415 414 410  1023 1068 1113
410 411 415  1024 1068 1108
25 415 411  1024 1069 1114
411 26 25  25 1069 1109
129 412 128  1025 134 1110
416 128 412  1025 1070 1115
412 413 416  1026 1070 1111
417 416 413  1026 1071 1116
413 414 417  1027 1071 1112
418 417 414  1027 1072 1117
414 415 418  1028 1072 1113
24 418 415  1028 1073 1118
415 25 24  24 1073 1114
128 416 127  1029 133 1115
419 127 416  1029 1074 1119
416 417 419  1030 1074 1116
420 419 417  1030 1075 1120
417 418 420  1031 1075 1117
23 420 418  1031 1076 1121
418 24 23  23 1076 1118
127 419 126  1032 132 1119
421 126 419  1032 1077 1122
419 420 421  1033 1077 1120
22 421 420  1033 1078 1123
420 23 22  22 1078 1121
126 421 125  1034 131 1122
21 125 421  1034 1079 1124
421 22 21  21 1079 1123
125 21 0  20 130 1124
49 133 70  1125 70 139
422 70 133  1125 1170 1215
133 132 422  1126 1170 138
423 422 132  1126 1171 1216
132 131 423  1127 1171 137
424 423 131  1127 1172 1217
131 130 424  1128 1172 136
425 424 130  1128 1173 1218
130 129 425  1129 1173 135
426 425 129  1129 1174 1219
129 128 426  1130 1174 134
427 426 128  1130 1175 1220
128 127 427  1131 1175 133
428 427 127  1131 1176 1221
127 126 428  1132 1176 132
429 428 126  1132 1177 1222
126 125 429  1133 1177 131
151 429 125  1133 1178 1223
125 0 151  159 1178 130
70 422 71  1134 71 1215
430 71 422  1134 1179 1224
422 423 430  1135 1179 1216
431 430 423  1135 1180 1225
423 424 431  1136 1180 1217
432 431 424  1136 1181 1226
424 425 432  1137 1181 1218
433 432 425  1137 1182 1227
425 426 433  1138 1182 1219
434 433 426  1138 1183 1228
426 427 434  1139 1183 1220
435 434 427  1139 1184 1229
427 428 435  1140 1184 1221
436 435 428  1140 1185 1230
428 429 436  1141 1185 1222
150 436 429  1141 1186 1231
429 151 150  158 1186 1223
71 430 72  1142 72 1224
437 72 430  1142 1187 1232
430 431 437  1143 1187 1225
438 437 431  1143 1188 1233
431 432 438  1144 1188 1226
439 438 432  1144 1189 1234
432 433 439  1145 1189 1227
440 439 433  1145 1190 1235
433 434 440  1146 1190 1228
441 440 434  1146 1191 1236
434 435 441  1147 1191 1229
442 441 435  1147 1192 1237
435 436 442  1148 1192 1230
149 442 436  1148 1193 1238
436 150 149  157 1193 1231
72 437 73  1149 73 1232
443 73 437  1149 1194 1239
437 438 443  1150 1194 1233
444 443 438  1150 1195 1240
438 439 444  1151 1195 1234
445 444 439  1151 1196 1241
439 440 445  1152 1196 1235
446 445 440  1152 1197 1242
440 441 446  1153 1197 1236
447 446 441  1153 1198 1243
441 442 447  1154 1198 1237
148 447 442  1154 1199 1244
442 149 148  156 1199 1238
73 443 74  1155 74 1239
448 74 443  1155 1200 1245
443 444 448  1156 1200 1240
449 448 444  1156 1201 1246
444 445 449  1157 1201 1241
450 449 445  1157 1202 1247
445 446 450  1158 1202 1242
451 450 446  1158 1203 1248
446 447 451  1159 1203 1243
147 451 447  1159 1204 1249
447 148 147  155 1204 1244
74 448 75  1160 75 1245
452 75 448  1160 1205 1250
448 449 452  1161 1205 1246
453 452 449  1161 1206 1251
449 450 453  1162 1206 1247
454 453 450  1162 1207 1252
450 451 454  1163 1207 1248
146 454 451  1163 1208 1253
451 147 146  154 1208 1249
75 452 76  1164 76 1250
455 76 452  1164 1209 1254
452 453 455  1165 1209 1251
456 455 453  1165 1210 1255
453 454 456  1166 1210 1252
145 456 454  1166 1211 1256
454 146 145  153 1211 1253
76 455 77  1167 77 1254
457 77 455  1167 1212 1257
455 456 457  1168 1212 1255
144 457 456  1168 1213 1258
456 145 144  152 1213 1256
77 457 78  1169 78 1257
143 78 457  1169 1214 1259
457 144 143  151 1214 1258
78 143 50  150 79 1259
1 152 39  1260 39 160
458 39 152  1260 1305 1350
152 153 458  1261 1305 161
459 458 153  1261 1306 1351
153 154 459  1262 1306 162
460 459 154  1262 1307 1352
154 155 460  1263 1307 163
461 460 155  1263 1308 1353
155 156 461  1264 1308 164
462 461 156  1264 1309 1354
156 157 462  1265 1309 165
463 462 157  1265 1310 1355
157 158 463  1266 1310 166
464 463 158  1266 1311 1356
158 159 464  1267 1311 167
465 464 159  1267 1312 1357
159 160 465  1268 1312 168
106 465 160  1268 1313 1358
160 79 106  109 1313 169
39 458 38  1269 38 1350
466 38 458  1269 1314 1359
458 459 466  1270 1314 1351
467 466 459  1270 1315 1360
459 460 467  1271 1315 1352
468 467 460  1271 1316 1361
460 461 468  1272 1316 1353
469 468 461  1272 1317 1362
461 462 469  1273 1317 1354
470 469 462  1273 1318 1363
462 463 470  1274 1318 1355
471 470 463  1274 1319 1364
463 464 471  1275 1319 1356
472 471 464  1275 1320 1365
464 465 472  1276 1320 1357
105 472 465  1276 1321 1366
465 106 105  108 1321 1358
38 466 37  1277 37 1359
473 37 466  1277 1322 1367
466 467 473  1278 1322 1360
474 473 467  1278 1323 1368
467 468 474  1279 1323 1361
475 474 468  1279 1324 1369
468 469 475  1280 1324 1362
476 475 469  1280 1325 1370
469 470 476  1281 1325 1363
477 476 470  1281 1326 1371
470 471 477  1282 1326 1364
478 477 471  1282 1327 1372
471 472 478  1283 1327 1365
104 478 472  1283 1328 1373
472 105 104  107 1328 1366
37 473 36  1284 36 1367
479 36 473  1284 1329 1374
473 474 479  1285 1329 1368
480 479 474  1285 1330 1375
474 475 480  1286 1330 1369
481 480 475  1286 1331 1376
475 476 481  1287 1331 1370
482 481 476  1287 1332 1377
476 477 482  1288 1332 1371
483 482 477  1288 1333 1378
477 478 483  1289 1333 1372
103 483 478  1289 1334 1379
478 104 103  106 1334 1373
36 479 35  1290 35 1374
484 35 479  1290 1335 1380
479 480 484  1291 1335 1375
485 484 480  1291 1336 1381
480 481 485  1292 1336 1376
486 485 481  1292 1337 1382
481 482 486  1293 1337 1377
487 486 482  1293 1338 1383
482 483 487  1294 1338 1378
102 487 483  1294 1339 1384
483 103 102  105 1339 1379
35 484 34  1295 34 1380
488 34 484  1295 1340 1385
484 485 488  1296 1340 1381
489 488 485  1296 1341 1386
485 486 489  1297 1341 1382
490 489 486  1297 1342 1387
486 487 490  1298 1342 1383
101 490 487  1298 1343 1388
487 102 101  104 1343 1384
34 488 33  1299 33 1385
491 33 488  1299 1344 1389
488 489 491  1300 1344 1386
492 491 489  1300 1345 1390
489 490 492  1301 1345 1387
100 492 490  1301 1346 1391
490 101 100  103 1346 1388
33 491 32  1302 32 1389
493 32 491  1302 1347 1392
491 492 493  1303 1347 1390
99 493 492  1303 1348 1393
492 100 99  102 1348 1391
32 493 31  1304 31 1392
98 31 493  1304 1349 1394
493 99 98  101 1349 1393
31 98 30  100 30 1394
49 89 134  1395 140 90
494 134 89  1395 1440 1485
89 90 494  1396 1440 91
495 494 90  1396 1441 1486
90 91 495  1397 1441 92
496 495 91  1397 1442 1487
91 92 496  1398 1442 93
497 496 92  1398 1443 1488
92 93 497  1399 1443 94
498 497 93  1399 1444 1489
93 94 498  1400 1444 95
499 498 94  1400 1445 1490
94 95 499  1401 1445 96
500 499 95  1401 1446 1491
95 96 500  1402 1446 97
501 500 96  1402 1447 1492
96 97 501  1403 1447 98
160 501 97  1403 1448 1493
97 79 160  169 1448 99
134 494 135  1404 141 1485
502 135 494  1404 1449 1494
494 495 502  1405 1449 1486
503 502 495  1405 1450 1495
495 496 503  1406 1450 1487
504 503 496  1406 1451 1496
496 497 504  1407 1451 1488
505 504 497  1407 1452 1497
497 498 505  1408 1452 1489
506 505 498  1408 1453 1498
498 499 506  1409 1453 1490
507 506 499  1409 1454 1499
499 500 507  1410 1454 1491
508 507 500  1410 1455 1500
500 501 508  1411 1455 1492
159 508 501  1411 1456 1501
501 160 159  168 1456 1493
135 502 136  1412 142 1494
509 136 502  1412 1457 1502
502 503 509  1413 1457 1495
510 509 503  1413 1458 1503
503 504 510  1414 1458 1496
511 510 504  1414 1459 1504
504 505 511  1415 1459 1497
512 511 505  1415 1460 1505
505 506 512  1416 1460 1498
513 512 506  1416 1461 1506
506 507 513  1417 1461 1499
514 513 507  1417 1462 1507
507 508 514  1418 1462 1500
158 514 508  1418 1463 1508
508 159 158  167 1463 1501
136 509 137  1419 143 1502
515 137 509  1419 1464 1509
509 510 515  1420 1464 1503
516 515 510  1420 1465 1510
510 511 516  1421 1465 1504
517 516 511  1421 1466 1511
511 512 517  1422 1466 1505
518 517 512  1422 1467 1512
512 513 518  1423 1467 1506
519 518 513  1423 1468 1513
513 514 519  1424 1468 1507
157 519 514  1424 1469 1514
514 158 157  166 1469 1508
137 515 138  1425 144 1509
520 138 515  1425 1470 1515
515 516 520  1426 1470 1510
521 520 516  1426 1471 1516
516 517 521  1427 1471 1511
522 521 517  1427 1472 1517
517 518 522  1428 1472 1512
523 522 518  1428 1473 1518
518 519 523  1429 1473 1513
156 523 519  1429 1474 1519
519 157 156  165 1474 1514
138 520 139  1430 145 1515
524 139 520  1430 1475 1520
520 521 524  1431 1475 1516
525 524 521  1431 1476 1521
521 522 525  1432 1476 1517
526 525 522  1432 1477 1522
522 523 526  1433 1477 1518
155 526 523  1433 1478 1523
523 156 155  164 1478 1519
139 524 140  1434 146 1520
527 140 524  1434 1479 1524
524 525 527  1435 1479 1521
528 527 525  1435 1480 1525
525 526 528  1436 1480 1522
154 528 526  1436 1481 1526
526 155 154  163 1481 1523
140 527 141  1437 147 1524
529 141 527  1437 1482 1527
527 528 529  1438 1482 1525
153 529 528  1438 1483 1528
528 154 153  162 1483 1526
141 529 142  1439 148 1527
152 142 529  1439 1484 1529
529 153 152  161 1484 1528
142 152 1  160 149 1529
0 20 161  1530 170 19
530 161 20  1530 1575 1620
20 19 530  1531 1575 18
531 530 19  1531 1576 1621
19 18 531  1532 1576 17
532 531 18  1532 1577 1622
18 17 532  1533 1577 16
533 532 17  1533 1578 1623
17 16 533  1534 1578 15
534 533 16  1534 1579 1624
16 15 534  1535 1579 14
535 534 15  1535 1580 1625
15 14 535  1536 1580 13
536 535 14  1536 1581 1626
14 13 536  1537 1581 12
537 536 13  1537 1582 1627
13 12 537  1538 1582 11
116 537 12  1538 1583 1628
12 2 116  120 1583 10
161 530 162  1539 171 1620
538 162 530  1539 1584 1629
530 531 538  1540 1584 1621
539 538 531  1540 1585 1630
531 532 539  1541 1585 1622
540 539 532  1541 1586 1631
532 533 540  1542 1586 1623
541 540 533  1542 1587 1632
533 534 541  1543 1587 1624
542 541 534  1543 1588 1633
534 535 542  1544 1588 1625
543 542 535  1544 1589 1634
535 536 543  1545 1589 1626
544 543 536  1545 1590 1635
536 537 544  1546 1590 1627
117 544 537  1546 1591 1636
537 116 117  121 1591 1628
162 538 163  1547 172 1629
545 163 538  1547 1592 1637
538 539 545  1548 1592 1630
546 545 539  1548 1593 1638
539 540 546  1549 1593 1631
547 546 540  1549 1594 1639
540 541 547  1550 1594 1632
548 547 541  1550 1595 1640
541 542 548  1551 1595 1633
549 548 542  1551 1596 1641
542 543 549  1552 1596 1634
550 549 543  1552 1597 1642
543 544 550  1553 1597 1635
118 550 544  1553 1598 1643
544 117 118  122 1598 1636
163 545 164  1554 173 1637
551 164 545  1554 1599 1644
545 546 551  1555 1599 1638
552 551 546  1555 1600 1645
546 547 552  1556 1600 1639
553 552 547  1556 1601 1646
547 548 553  1557 1601 1640
554 553 548  1557 1602 1647
548 549 554  1558 1602 1641
555 554 549  1558 1603 1648
549 550 555  1559 1603 1642
119 555 550  1559 1604 1649
550 118 119  123 1604 1643
164 551 165  1560 174 1644
556 165 551  1560 1605 1650
551 552 556  1561 1605 1645
557 556 552  1561 1606 1651
552 553 557  1562 1606 1646
558 557 553  1562 1607 1652
553 554 558  1563 1607 1647
559 558 554  1563 1608 1653
554 555 559  1564 1608 1648
120 559 555  1564 1609 1654
555 119 120  124 1609 1649
165 556 166  1565 175 1650
560 166 556  1565 1610 1655
556 557 560  1566 1610 1651
561 560 557  1566 1611 1656
557 558 561  1567 1611 1652
562 561 558  1567 1612 1657
558 559 562  1568 1612 1653
121 562 559  1568 1613 1658
559 120 121  125 1613 1654
166 560 167  1569 176 1655
563 167 560  1569 1614 1659
560 561 563  1570 1614 1656
564 563 561  1570 1615 1660
561 562 564  1571 1615 1657
122 564 562  1571 1616 1661
562 121 122  126 1616 1658
167 563 168  1572 177 1659
565 168 563  1572 1617 1662
563 564 565  1573 1617 1660
123 565 564  1573 1618 1663
564 122 123  127 1618 1661
168 565 169  1574 178 1662
124 169 565  1574 1619 1664
565 123 124  128 1619 1663
169 124 51  129 179 1664
0 161 151  1665 159 170
566 151 161  1665 1710 1755
161 162 566  1666 1710 171
567 566 162  1666 1711 1756
162 163 567  1667 1711 172
568 567 163  1667 1712 1757
163 164 568  1668 1712 173
569 568 164  1668 1713 1758
164 165 569  1669 1713 174
570 569 165  1669 1714 1759
165 166 570  1670 1714 175
571 570 166  1670 1715 1760
166 167 571  1671 1715 176
572 571 167  1671 1716 1761
167 168 572  1672 1716 177
573 572 168  1672 1717 1762
168 169 573  1673 1717 178
60 573 169  1673 1718 1763
169 51 60  59 1718 179
151 566 150  1674 158 1755
574 150 566  1674 1719 1764
566 567 574  1675 1719 1756
575 574 567  1675 1720 1765
567 568 575  1676 1720 1757
576 575 568  1676 1721 1766
568 569 576  1677 1721 1758
577 576 569  1677 1722 1767
569 570 577  1678 1722 1759
578 577 570  1678 1723 1768
570 571 578  1679 1723 1760
579 578 571  1679 1724 1769
571 572 579  1680 1724 1761
580 579 572  1680 1725 1770
572 573 580  1681 1725 1762
59 580 573  1681 1726 1771
573 60 59  58 1726 1763
150 574 149  1682 157 1764
581 149 574  1682 1727 1772
574 575 581  1683 1727 1765
582 581 575  1683 1728 1773
575 576 582  1684 1728 1766
583 582 576  1684 1729 1774
576 577 583  1685 1729 1767
584 583 577  1685 1730 1775
577 578 584  1686 1730 1768
585 584 578  1686 1731 1776
578 579 585  1687 1731 1769
586 585 579  1687 1732 1777
579 580 586  1688 1732 1770
58 586 580  1688 1733 1778
580 59 58  57 1733 1771
149 581 148  1689 156 1772
587 148 581  1689 1734 1779
581 582 587  1690 1734 1773
588 587 582  1690 1735 1780
582 583 588  1691 1735 1774
589 588 583  1691 1736 1781
583 584 589  1692 1736 1775
590 589 584  1692 1737 1782
584 585 590  1693 1737 1776
591 590 585  1693 1738 1783
585 586 591  1694 1738 1777
57 591 586  1694 1739 1784
586 58 57  56 1739 1778
148 587 147  1695 155 1779
592 147 587  1695 1740 1785
587 588 592  1696 1740 1780
593 592 588  1696 1741 1786
588 589 593  1697 1741 1781
594 593 589  1697 1742 1787
589 590 594  1698 1742 1782
595 594 590  1698 1743 1788
590 591 595  1699 1743 1783
56 595 591  1699 1744 1789
591 57 56  55 1744 1784
147 592 146  1700 154 1785
596 146 592  1700 1745 1790
592 593 596  1701 1745 1786
597 596 593  1701 1746 1791
593 594 597  1702 1746 1787
598 597 594  1702 1747 1792
594 595 598  1703 1747 1788
55 598 595  1703 1748 1793
595 56 55  54 1748 1789
146 596 145  1704 153 1790
599 145 596  1704 1749 1794
596 597 599  1705 1749 1791
600 599 597  1705 1750 1795
597 598 600  1706 1750 1792
54 600 598  1706 1751 1796
598 55 54  53 1751 1793
145 599 144  1707 152 1794
601 144 599  1707 1752 1797
599 600 601  1708 1752 1795
53 601 600  1708 1753 1798
600 54 53  52 1753 1796
144 601 143  1709 151 1797
52 143 601  1709 1754 1799
601 53 52  51 1754 1798
143 52 50  50 150 1799
