402 1200 800
 0  0  1
 1  0  0
 0  1  0
 0.99388373  0.11043153 -3.0650906e-17
 0.9701425  0.24253563 -6.7317159e-17
 0.91914503  0.3939193  7.2889713e-17
 0.83205029  0.5547002  0
 0.70710678  0.70710678  0
 0.5547002  0.83205029  0
 0.3939193  0.91914503  0
 0.24253563  0.9701425  0
 0.11043153  0.99388373  0
 0  0.11043153  0.99388373
 0  0.24253563  0.9701425
 0  0.3939193  0.91914503
 0  0.5547002  0.83205029
 0  0.70710678  0.70710678
 0  0.83205029  0.5547002
 0  0.91914503  0.3939193
 0  0.9701425  0.24253563
 0  0.99388373  0.11043153
 0.11043153  0  0.99388373
 0.24253563  0  0.9701425
 0.3939193  0  0.91914503
 0.5547002  0  0.83205029
 0.70710678  0  0.70710678
 0.83205029  0  0.5547002
 0.91914503  0  0.3939193
 0.9701425  0  0.24253563
 0.99388373  0  0.11043153
 0  0 -1
-3.0650906e-17  0.11043153 -0.99388373
-6.7317159e-17  0.24253563 -0.9701425
 7.2889713e-17  0.3939193 -0.91914503
 0  0.5547002 -0.83205029
 0  0.70710678 -0.70710678
 0  0.83205029 -0.5547002
 0  0.91914503 -0.3939193
 0  0.9701425 -0.24253563
 0  0.99388373 -0.11043153
 0.99388373  0 -0.11043153
 0.9701425  0 -0.24253563
 0.91914503  0 -0.3939193
 0.83205029  0 -0.5547002
 0.70710678  0 -0.70710678
 0.5547002  0 -0.83205029
 0.3939193  0 -0.91914503
 0.24253563  0 -0.9701425
 0.11043153  0 -0.99388373
-1  0  0
-0.99388373  0.11043153  3.0650906e-17
-0.9701425  0.24253563  6.7317159e-17
-0.91914503  0.3939193 -7.2889713e-17
-0.83205029  0.5547002  0
-0.70710678  0.70710678  0
-0.5547002  0.83205029  0
-0.3939193  0.91914503  0
-0.24253563  0.9701425  0
-0.11043153  0.99388373  0
-0.11043153  0 -0.99388373
-0.24253563  0 -0.9701425
-0.3939193  0 -0.91914503
-0.5547002  0 -0.83205029
-0.70710678  0 -0.70710678
-0.83205029  0 -0.5547002
-0.91914503  0 -0.3939193
-0.9701425  0 -0.24253563
-0.99388373  0 -0.11043153
-0.99388373  0  0.11043153
-0.9701425  0  0.24253563
-0.91914503  0  0.3939193
-0.83205029  0  0.5547002
-0.70710678  0  0.70710678
-0.5547002  0  0.83205029
-0.3939193  0  0.91914503
-0.24253563  0  0.9701425
-0.11043153  0  0.99388373
 0 -1  0
 0.99388373 -0.11043153  0
 0.9701425 -0.24253563  0
 0.91914503 -0.3939193  0
 0.83205029 -0.5547002  0
 0.70710678 -0.70710678  0
 0.5547002 -0.83205029  0
 0.3939193 -0.91914503  7.2889713e-17
 0.24253563 -0.9701425 -6.7317159e-17
 0.11043153 -0.99388373 -3.0650906e-17
 0 -0.11043153  0.99388373
 0 -0.24253563  0.9701425
 0 -0.3939193  0.91914503
 0 -0.5547002  0.83205029
 0 -0.70710678  0.70710678
 0 -0.83205029  0.5547002
 0 -0.91914503  0.3939193
 0 -0.9701425  0.24253563
 0 -0.99388373  0.11043153
 0 -0.11043153 -0.99388373
 0 -0.24253563 -0.9701425
 0 -0.3939193 -0.91914503
 0 -0.5547002 -0.83205029
 0 -0.70710678 -0.70710678
 0 -0.83205029 -0.5547002
 7.2889713e-17 -0.91914503 -0.3939193
-6.7317159e-17 -0.9701425 -0.24253563
-3.0650906e-17 -0.99388373 -0.11043153
-0.99388373 -0.11043153  0
-0.9701425 -0.24253563  0
-0.91914503 -0.3939193  0
-0.83205029 -0.5547002  0
-0.70710678 -0.70710678  0
-0.5547002 -0.83205029  0
-0.3939193 -0.91914503 -7.2889713e-17
-0.24253563 -0.9701425  6.7317159e-17
-0.11043153 -0.99388373  3.0650906e-17
 0.12309149  0.12309149  0.98473193
 0.27216553  0.13608276  0.95257934
 0.44232587  0.14744196  0.88465174
 0.6172134  0.15430335  0.77151675
 0.77151675  0.15430335  0.6172134
 0.88465174  0.14744196  0.44232587
 0.95257934  0.13608276  0.27216553
 0.98473193  0.12309149  0.12309149
 0.13608276  0.27216553  0.95257934
 0.30151134  0.30151134  0.90453403
 0.48666426  0.32444284  0.81110711
 0.66666667  0.33333333  0.66666667
 0.81110711  0.32444284  0.48666426
 0.90453403  0.30151134  0.30151134
 0.95257934  0.27216553  0.13608276
 0.14744196  0.44232587  0.88465174
 0.32444284  0.48666426  0.81110711
 0.51449576  0.51449576  0.68599434
 0.68599434  0.51449576  0.51449576
 0.81110711  0.48666426  0.32444284
 0.88465174  0.44232587  0.14744196
 0.15430335  0.6172134  0.77151675
 0.33333333  0.66666667  0.66666667
 0.51449576  0.68599434  0.51449576
 0.66666667  0.66666667  0.33333333
 0.77151675  0.6172134  0.15430335
 0.15430335  0.77151675  0.6172134
 0.32444284  0.81110711  0.48666426
 0.48666426  0.81110711  0.32444284
 0.6172134  0.77151675  0.15430335
 0.14744196  0.88465174  0.44232587
 0.30151134  0.90453403  0.30151134
 0.44232587  0.88465174  0.14744196
 0.13608276  0.95257934  0.27216553
 0.27216553  0.95257934  0.13608276
 0.12309149  0.98473193  0.12309149
 0.98473193  0.12309149 -0.12309149
 0.95257934  0.13608276 -0.27216553
 0.88465174  0.14744196 -0.44232587
 0.77151675  0.15430335 -0.6172134
 0.6172134  0.15430335 -0.77151675
 0.44232587  0.14744196 -0.88465174
 0.27216553  0.13608276 -0.95257934
 0.12309149  0.12309149 -0.98473193
 0.95257934  0.27216553 -0.13608276
 0.90453403  0.30151134 -0.30151134
 0.81110711  0.32444284 -0.48666426
 0.66666667  0.33333333 -0.66666667
 0.48666426  0.32444284 -0.81110711
 0.30151134  0.30151134 -0.90453403
 0.13608276  0.27216553 -0.95257934
 0.88465174  0.44232587 -0.14744196
 0.81110711  0.48666426 -0.32444284
 0.68599434  0.51449576 -0.51449576
 0.51449576  0.51449576 -0.68599434
 0.32444284  0.48666426 -0.81110711
 0.14744196  0.44232587 -0.88465174
 0.77151675  0.6172134 -0.15430335
 0.66666667  0.66666667 -0.33333333
 0.51449576  0.68599434 -0.51449576
 0.33333333  0.66666667 -0.66666667
 0.15430335  0.6172134 -0.77151675
 0.6172134  0.77151675 -0.15430335
 0.48666426  0.81110711 -0.32444284
 0.32444284  0.81110711 -0.48666426
 0.15430335  0.77151675 -0.6172134
 0.44232587  0.88465174 -0.14744196
 0.30151134  0.90453403 -0.30151134
 0.14744196  0.88465174 -0.44232587
 0.27216553  0.95257934 -0.13608276
 0.13608276  0.95257934 -0.27216553
 0.12309149  0.98473193 -0.12309149
-0.12309149  0.12309149 -0.98473193
-0.27216553  0.13608276 -0.95257934
-0.44232587  0.14744196 -0.88465174
-0.6172134  0.15430335 -0.77151675
-0.77151675  0.15430335 -0.6172134
-0.88465174  0.14744196 -0.44232587
-0.95257934  0.13608276 -0.27216553
-0.98473193  0.12309149 -0.12309149
-0.13608276  0.27216553 -0.95257934
-0.30151134  0.30151134 -0.90453403
-0.48666426  0.32444284 -0.81110711
-0.66666667  0.33333333 -0.66666667
-0.81110711  0.32444284 -0.48666426
-0.90453403  0.30151134 -0.30151134
-0.95257934  0.27216553 -0.13608276
-0.14744196  0.44232587 -0.88465174
-0.32444284  0.48666426 -0.81110711
-0.51449576  0.51449576 -0.68599434
-0.68599434  0.51449576 -0.51449576
-0.81110711  0.48666426 -0.32444284
-0.88465174  0.44232587 -0.14744196
-0.15430335  0.6172134 -0.77151675
-0.33333333  0.66666667 -0.66666667
-0.51449576  0.68599434 -0.51449576
-0.66666667  0.66666667 -0.33333333
-0.77151675  0.6172134 -0.15430335
-0.15430335  0.77151675 -0.6172134
-0.32444284  0.81110711 -0.48666426
-0.48666426  0.81110711 -0.32444284
-0.6172134  0.77151675 -0.15430335
-0.14744196  0.88465174 -0.44232587
-0.30151134  0.90453403 -0.30151134
-0.44232587  0.88465174 -0.14744196
-0.13608276  0.95257934 -0.27216553
-0.27216553  0.95257934 -0.13608276
-0.12309149  0.98473193 -0.12309149
-0.98473193  0.12309149  0.12309149
-0.95257934  0.13608276  0.27216553
-0.88465174  0.14744196  0.44232587
-0.77151675  0.15430335  0.6172134
-0.6172134  0.15430335  0.77151675
-0.44232587  0.14744196  0.88465174
-0.27216553  0.13608276  0.95257934
-0.12309149  0.12309149  0.98473193
-0.95257934  0.27216553  0.13608276
-0.90453403  0.30151134  0.30151134
-0.81110711  0.32444284  0.48666426
-0.66666667  0.33333333  0.66666667
-0.48666426  0.32444284  0.81110711
-0.30151134  0.30151134  0.90453403
-0.13608276  0.27216553  0.95257934
-0.88465174  0.44232587  0.14744196
-0.81110711  0.48666426  0.32444284
-0.68599434  0.51449576  0.51449576
-0.51449576  0.51449576  0.68599434
-0.32444284  0.48666426  0.81110711
-0.14744196  0.44232587  0.88465174
-0.77151675  0.6172134  0.15430335
-0.66666667  0.66666667  0.33333333
-0.51449576  0.68599434  0.51449576
-0.33333333  0.66666667  0.66666667
-0.15430335  0.6172134  0.77151675
-0.6172134  0.77151675  0.15430335
-0.48666426  0.81110711  0.32444284
-0.32444284  0.81110711  0.48666426
-0.15430335  0.77151675  0.6172134
-0.44232587  0.88465174  0.14744196
-0.30151134  0.90453403  0.30151134
-0.14744196  0.88465174  0.44232587
-0.27216553  0.95257934  0.13608276
-0.13608276  0.95257934  0.27216553
-0.12309149  0.98473193  0.12309149
 0.12309149 -0.12309149  0.98473193
 0.13608276 -0.27216553  0.95257934
 0.14744196 -0.44232587  0.88465174
 0.15430335 -0.6172134  0.77151675
 0.15430335 -0.77151675  0.6172134
 0.14744196 -0.88465174  0.44232587
 0.13608276 -0.95257934  0.27216553
 0.12309149 -0.98473193  0.12309149
 0.27216553 -0.13608276  0.95257934
 0.30151134 -0.30151134  0.90453403
 0.32444284 -0.48666426  0.81110711
 0.33333333 -0.66666667  0.66666667
 0.32444284 -0.81110711  0.48666426
 0.30151134 -0.90453403  0.30151134
 0.27216553 -0.95257934  0.13608276
 0.44232587 -0.14744196  0.88465174
 0.48666426 -0.32444284  0.81110711
 0.51449576 -0.51449576  0.68599434
 0.51449576 -0.68599434  0.51449576
 0.48666426 -0.81110711  0.32444284
 0.44232587 -0.88465174  0.14744196
 0.6172134 -0.15430335  0.77151675
 0.66666667 -0.33333333  0.66666667
 0.68599434 -0.51449576  0.51449576
 0.66666667 -0.66666667  0.33333333
 0.6172134 -0.77151675  0.15430335
 0.77151675 -0.15430335  0.6172134
 0.81110711 -0.32444284  0.48666426
 0.81110711 -0.48666426  0.32444284
 0.77151675 -0.6172134  0.15430335
 0.88465174 -0.14744196  0.44232587
 0.90453403 -0.30151134  0.30151134
 0.88465174 -0.44232587  0.14744196
 0.95257934 -0.13608276  0.27216553
 0.95257934 -0.27216553  0.13608276
 0.98473193 -0.12309149  0.12309149
 0.98473193 -0.12309149 -0.12309149
 0.95257934 -0.27216553 -0.13608276
 0.88465174 -0.44232587 -0.14744196
 0.77151675 -0.6172134 -0.15430335
 0.6172134 -0.77151675 -0.15430335
 0.44232587 -0.88465174 -0.14744196
 0.27216553 -0.95257934 -0.13608276
 0.12309149 -0.98473193 -0.12309149
 0.95257934 -0.13608276 -0.27216553
 0.90453403 -0.30151134 -0.30151134
 0.81110711 -0.48666426 -0.32444284
 0.66666667 -0.66666667 -0.33333333
 0.48666426 -0.81110711 -0.32444284
 0.30151134 -0.90453403 -0.30151134
 0.13608276 -0.95257934 -0.27216553
 0.88465174 -0.14744196 -0.44232587
 0.81110711 -0.32444284 -0.48666426
 0.68599434 -0.51449576 -0.51449576
 0.51449576 -0.68599434 -0.51449576
 0.32444284 -0.81110711 -0.48666426
 0.14744196 -0.88465174 -0.44232587
 0.77151675 -0.15430335 -0.6172134
 0.66666667 -0.33333333 -0.66666667
 0.51449576 -0.51449576 -0.68599434
 0.33333333 -0.66666667 -0.66666667
 0.15430335 -0.77151675 -0.6172134
 0.6172134 -0.15430335 -0.77151675
 0.48666426 -0.32444284 -0.81110711
 0.32444284 -0.48666426 -0.81110711
 0.15430335 -0.6172134 -0.77151675
 0.44232587 -0.14744196 -0.88465174
 0.30151134 -0.30151134 -0.90453403
 0.14744196 -0.44232587 -0.88465174
 0.27216553 -0.13608276 -0.95257934
 0.13608276 -0.27216553 -0.95257934
 0.12309149 -0.12309149 -0.98473193
-0.12309149 -0.12309149 -0.98473193
-0.13608276 -0.27216553 -0.95257934
-0.14744196 -0.44232587 -0.88465174
-0.15430335 -0.6172134 -0.77151675
-0.15430335 -0.77151675 -0.6172134
-0.14744196 -0.88465174 -0.44232587
-0.13608276 -0.95257934 -0.27216553
-0.12309149 -0.98473193 -0.12309149
-0.27216553 -0.13608276 -0.95257934
-0.30151134 -0.30151134 -0.90453403
-0.32444284 -0.48666426 -0.81110711
-0.33333333 -0.66666667 -0.66666667
-0.32444284 -0.81110711 -0.48666426
-0.30151134 -0.90453403 -0.30151134
-0.27216553 -0.95257934 -0.13608276
-0.44232587 -0.14744196 -0.88465174
-0.48666426 -0.32444284 -0.81110711
-0.51449576 -0.51449576 -0.68599434
-0.51449576 -0.68599434 -0.51449576
-0.48666426 -0.81110711 -0.32444284
-0.44232587 -0.88465174 -0.14744196
-0.6172134 -0.15430335 -0.77151675
-0.66666667 -0.33333333 -0.66666667
-0.68599434 -0.51449576 -0.51449576
-0.66666667 -0.66666667 -0.33333333
-0.6172134 -0.77151675 -0.15430335
-0.77151675 -0.15430335 -0.6172134
-0.81110711 -0.32444284 -0.48666426
-0.81110711 -0.48666426 -0.32444284
-0.77151675 -0.6172134 -0.15430335
-0.88465174 -0.14744196 -0.44232587
-0.90453403 -0.30151134 -0.30151134
-0.88465174 -0.44232587 -0.14744196
-0.95257934 -0.13608276 -0.27216553
-0.95257934 -0.27216553 -0.13608276
-0.98473193 -0.12309149 -0.12309149
-0.98473193 -0.12309149  0.12309149
-0.95257934 -0.27216553  0.13608276
-0.88465174 -0.44232587  0.14744196
-0.77151675 -0.6172134  0.15430335
-0.6172134 -0.77151675  0.15430335
-0.44232587 -0.88465174  0.14744196
-0.27216553 -0.95257934  0.13608276
-0.12309149 -0.98473193  0.12309149
-0.95257934 -0.13608276  0.27216553
-0.90453403 -0.30151134  0.30151134
-0.81110711 -0.48666426  0.32444284
-0.66666667 -0.66666667  0.33333333
-0.48666426 -0.81110711  0.32444284
-0.30151134 -0.90453403  0.30151134
-0.13608276 -0.95257934  0.27216553
-0.88465174 -0.14744196  0.44232587
-0.81110711 -0.32444284  0.48666426
-0.68599434 -0.51449576  0.51449576
-0.51449576 -0.68599434  0.51449576
-0.32444284 -0.81110711  0.48666426
-0.14744196 -0.88465174  0.44232587
-0.77151675 -0.15430335  0.6172134
-0.66666667 -0.33333333  0.66666667
-0.51449576 -0.51449576  0.68599434
-0.33333333 -0.66666667  0.66666667
-0.15430335 -0.77151675  0.6172134
-0.6172134 -0.15430335  0.77151675
-0.48666426 -0.32444284  0.81110711
-0.32444284 -0.48666426  0.81110711
-0.15430335 -0.6172134  0.77151675
-0.44232587 -0.14744196  0.88465174
-0.30151134 -0.30151134  0.90453403
-0.14744196 -0.44232587  0.88465174
-0.27216553 -0.13608276  0.95257934
-0.13608276 -0.27216553  0.95257934
-0.12309149 -0.12309149  0.98473193
1 3
3 4
4 5
5 6
6 7
7 8
8 9
9 10
10 11
11 2
0 12
12 13
13 14
14 15
15 16
16 17
17 18
18 19
19 20
20 2
0 21
21 22
22 23
23 24
24 25
25 26
26 27
27 28
28 29
29 1
30 31
31 32
32 33
33 34
34 35
35 36
36 37
37 38
38 39
39 2
1 40
40 41
41 42
42 43
43 44
44 45
45 46
46 47
47 48
48 30
49 50
50 51
51 52
52 53
53 54
54 55
55 56
56 57
57 58
58 2
30 59
59 60
60 61
61 62
62 63
63 64
64 65
65 66
66 67
67 49
49 68
68 69
69 70
70 71
71 72
72 73
73 74
74 75
75 76
76 0
1 78
78 79
79 80
80 81
81 82
82 83
83 84
84 85
85 86
86 77
0 87
87 88
88 89
89 90
90 91
91 92
92 93
93 94
94 95
95 77
30 96
96 97
97 98
98 99
99 100
100 101
101 102
102 103
103 104
104 77
49 105
105 106
106 107
107 108
108 109
109 110
110 111
111 112
112 113
113 77
21 12
22 114
23 115
24 116
25 117
26 118
27 119
28 120
29 121
114 13
115 122
116 123
117 124
118 125
119 126
120 127
121 128
122 14
123 129
124 130
125 131
126 132
127 133
128 134
129 15
130 135
131 136
132 137
133 138
134 139
135 16
136 140
137 141
138 142
139 143
140 17
141 144
142 145
143 146
144 18
145 147
146 148
147 19
148 149
149 20
21 114
22 115
23 116
24 117
25 118
26 119
27 120
28 121
29 3
114 122
115 123
116 124
117 125
118 126
119 127
120 128
121 4
122 129
123 130
124 131
125 132
126 133
127 134
128 5
129 135
130 136
131 137
132 138
133 139
134 6
135 140
136 141
137 142
138 143
139 7
140 144
141 145
142 146
143 8
144 147
145 148
146 9
147 149
148 10
149 11
12 114
114 115
115 116
116 117
117 118
118 119
119 120
120 121
121 3
13 122
122 123
123 124
124 125
125 126
126 127
127 128
128 4
14 129
129 130
130 131
131 132
132 133
133 134
134 5
15 135
135 136
136 137
137 138
138 139
139 6
16 140
140 141
141 142
142 143
143 7
17 144
144 145
145 146
146 8
18 147
147 148
148 9
19 149
149 10
20 11
40 3
41 150
42 151
43 152
44 153
45 154
46 155
47 156
48 157
150 4
151 158
152 159
153 160
154 161
155 162
156 163
157 164
158 5
159 165
160 166
161 167
162 168
163 169
164 170
165 6
166 171
167 172
168 173
169 174
170 175
171 7
172 176
173 177
174 178
175 179
176 8
177 180
178 181
179 182
180 9
181 183
182 184
183 10
184 185
185 11
40 150
41 151
42 152
43 153
44 154
45 155
46 156
47 157
48 31
150 158
151 159
152 160
153 161
154 162
155 163
156 164
157 32
158 165
159 166
160 167
161 168
162 169
163 170
164 33
165 171
166 172
167 173
168 174
169 175
170 34
171 176
172 177
173 178
174 179
175 35
176 180
177 181
178 182
179 36
180 183
181 184
182 37
183 185
184 38
185 39
3 150
150 151
151 152
152 153
153 154
154 155
155 156
156 157
157 31
4 158
158 159
159 160
160 161
161 162
162 163
163 164
164 32
5 165
165 166
166 167
167 168
168 169
169 170
170 33
6 171
171 172
172 173
173 174
174 175
175 34
7 176
176 177
177 178
178 179
179 35
8 180
180 181
181 182
182 36
9 183
183 184
184 37
10 185
185 38
11 39
59 31
60 186
61 187
62 188
63 189
64 190
65 191
66 192
67 193
186 32
187 194
188 195
189 196
190 197
191 198
192 199
193 200
194 33
195 201
196 202
197 203
198 204
199 205
200 206
201 34
202 207
203 208
204 209
205 210
206 211
207 35
208 212
209 213
210 214
211 215
212 36
213 216
214 217
215 218
216 37
217 219
218 220
219 38
220 221
221 39
59 186
60 187
61 188
62 189
63 190
64 191
65 192
66 193
67 50
186 194
187 195
188 196
189 197
190 198
191 199
192 200
193 51
194 201
195 202
196 203
197 204
198 205
199 206
200 52
201 207
202 208
203 209
204 210
205 211
206 53
207 212
208 213
209 214
210 215
211 54
212 216
213 217
214 218
215 55
216 219
217 220
218 56
219 221
220 57
221 58
31 186
186 187
187 188
188 189
189 190
190 191
191 192
192 193
193 50
32 194
194 195
195 196
196 197
197 198
198 199
199 200
200 51
33 201
201 202
202 203
203 204
204 205
205 206
206 52
34 207
207 208
208 209
209 210
210 211
211 53
35 212
212 213
213 214
214 215
215 54
36 216
216 217
217 218
218 55
37 219
219 220
220 56
38 221
221 57
39 58
68 50
69 222
70 223
71 224
72 225
73 226
74 227
75 228
76 229
222 51
223 230
224 231
225 232
226 233
227 234
228 235
229 236
230 52
231 237
232 238
233 239
234 240
235 241
236 242
237 53
238 243
239 244
240 245
241 246
242 247
243 54
244 248
245 249
246 250
247 251
248 55
249 252
250 253
251 254
252 56
253 255
254 256
255 57
256 257
257 58
68 222
69 223
70 224
71 225
72 226
73 227
74 228
75 229
76 12
222 230
223 231
224 232
225 233
226 234
227 235
228 236
229 13
230 237
231 238
232 239
233 240
234 241
235 242
236 14
237 243
238 244
239 245
240 246
241 247
242 15
243 248
244 249
245 250
246 251
247 16
248 252
249 253
250 254
251 17
252 255
253 256
254 18
255 257
256 19
257 20
50 222
222 223
223 224
224 225
225 226
226 227
227 228
228 229
229 12
51 230
230 231
231 232
232 233
233 234
234 235
235 236
236 13
52 237
237 238
238 239
239 240
240 241
241 242
242 14
53 243
243 244
244 245
245 246
246 247
247 15
54 248
248 249
249 250
250 251
251 16
55 252
252 253
253 254
254 17
56 255
255 256
256 18
57 257
257 19
58 20
87 21
88 258
89 259
90 260
91 261
92 262
93 263
94 264
95 265
258 22
259 266
260 267
261 268
262 269
263 270
264 271
265 272
266 23
267 273
268 274
269 275
270 276
271 277
272 278
273 24
274 279
275 280
276 281
277 282
278 283
279 25
280 284
281 285
282 286
283 287
284 26
285 288
286 289
287 290
288 27
289 291
290 292
291 28
292 293
293 29
87 258
88 259
89 260
90 261
91 262
92 263
93 264
94 265
95 86
258 266
259 267
260 268
261 269
262 270
263 271
264 272
265 85
266 273
267 274
268 275
269 276
270 277
271 278
272 84
273 279
274 280
275 281
276 282
277 283
278 83
279 284
280 285
281 286
282 287
283 82
284 288
285 289
286 290
287 81
288 291
289 292
290 80
291 293
292 79
293 78
21 258
258 259
259 260
260 261
261 262
262 263
263 264
264 265
265 86
22 266
266 267
267 268
268 269
269 270
270 271
271 272
272 85
23 273
273 274
274 275
275 276
276 277
277 278
278 84
24 279
279 280
280 281
281 282
282 283
283 83
25 284
284 285
285 286
286 287
287 82
26 288
288 289
289 290
290 81
27 291
291 292
292 80
28 293
293 79
29 78
78 40
79 294
80 295
81 296
82 297
83 298
84 299
85 300
86 301
294 41
295 302
296 303
297 304
298 305
299 306
300 307
301 308
302 42
303 309
304 310
305 311
306 312
307 313
308 314
309 43
310 315
311 316
312 317
313 318
314 319
315 44
316 320
317 321
318 322
319 323
320 45
321 324
322 325
323 326
324 46
325 327
326 328
327 47
328 329
329 48
78 294
79 295
80 296
81 297
82 298
83 299
84 300
85 301
86 104
294 302
295 303
296 304
297 305
298 306
299 307
300 308
301 103
302 309
303 310
304 311
305 312
306 313
307 314
308 102
309 315
310 316
311 317
312 318
313 319
314 101
315 320
316 321
317 322
318 323
319 100
320 324
321 325
322 326
323 99
324 327
325 328
326 98
327 329
328 97
329 96
40 294
294 295
295 296
296 297
297 298
298 299
299 300
300 301
301 104
41 302
302 303
303 304
304 305
305 306
306 307
307 308
308 103
42 309
309 310
310 311
311 312
312 313
313 314
314 102
43 315
315 316
316 317
317 318
318 319
319 101
44 320
320 321
321 322
322 323
323 100
45 324
324 325
325 326
326 99
46 327
327 328
328 98
47 329
329 97
48 96
96 59
97 330
98 331
99 332
100 333
101 334
102 335
103 336
104 337
330 60
331 338
332 339
333 340
334 341
335 342
336 343
337 344
338 61
339 345
340 346
341 347
342 348
343 349
344 350
345 62
346 351
347 352
348 353
349 354
350 355
351 63
352 356
353 357
354 358
355 359
356 64
357 360
358 361
359 362
360 65
361 363
362 364
363 66
364 365
365 67
96 330
97 331
98 332
99 333
100 334
101 335
102 336
103 337
104 113
330 338
331 339
332 340
333 341
334 342
335 343
336 344
337 112
338 345
339 346
340 347
341 348
342 349
343 350
344 111
345 351
346 352
347 353
348 354
349 355
350 110
351 356
352 357
353 358
354 359
355 109
356 360
357 361
358 362
359 108
360 363
361 364
362 107
363 365
364 106
365 105
59 330
330 331
331 332
332 333
333 334
334 335
335 336
336 337
337 113
60 338
338 339
339 340
340 341
341 342
342 343
343 344
344 112
61 345
345 346
346 347
347 348
348 349
349 350
350 111
62 351
351 352
352 353
353 354
354 355
355 110
63 356
356 357
357 358
358 359
359 109
64 360
360 361
361 362
362 108
65 363
363 364
364 107
66 365
365 106
67 105
105 68
106 366
107 367
108 368
109 369
110 370
111 371
112 372
113 373
366 69
367 374
368 375
369 376
370 377
371 378
372 379
373 380
374 70
375 381
376 382
377 383
378 384
379 385
380 386
381 71
382 387
383 388
384 389
385 390
386 391
387 72
388 392
389 393
390 394
391 395
392 73
393 396
394 397
395 398
396 74
397 399
398 400
399 75
400 401
401 76
105 366
106 367
107 368
108 369
109 370
110 371
111 372
112 373
113 95
366 374
367 375
368 376
369 377
370 378
371 379
372 380
373 94
374 381
375 382
376 383
377 384
378 385
379 386
380 93
381 387
382 388
383 389
384 390
385 391
386 92
387 392
388 393
389 394
390 395
391 91
392 396
393 397
394 398
395 90
396 399
397 400
398 89
399 401
400 88
401 87
68 366
366 367
367 368
368 369
369 370
370 371
371 372
372 373
373 95
69 374
374 375
375 376
376 377
377 378
378 379
379 380
380 94
70 381
381 382
382 383
383 384
384 385
385 386
386 93
71 387
387 388
388 389
389 390
390 391
391 92
72 392
392 393
393 394
394 395
395 91
73 396
396 397
397 398
398 90
74 399
399 400
400 89
75 401
401 88
76 87
0 21 12  120 10 20
114 12 21  120 165 210
21 22 114  121 165 21
115 114 22  121 166 211
22 23 115  122 166 22
116 115 23  122 167 212
23 24 116  123 167 23
117 116 24  123 168 213
24 25 117  124 168 24
118 117 25  124 169 214
25 26 118  125 169 25
119 118 26  125 170 215
26 27 119  126 170 26
120 119 27  126 171 216
27 28 120  127 171 27
121 120 28  127 172 217
28 29 121  128 172 28
3 121 29  128 173 218
29 1 3  0 173 29
12 114 13  129 11 210
122 13 114  129 174 219
114 115 122  130 174 211
123 122 115  130 175 220
115 116 123  131 175 212
124 123 116  131 176 221
116 117 124  132 176 213
125 124 117  132 177 222
117 118 125  133 177 214
126 125 118  133 178 223
118 119 126  134 178 215
127 126 119  134 179 224
119 120 127  135 179 216
128 127 120  135 180 225
120 121 128  136 180 217
4 128 121  136 181 226
121 3 4  1 181 218
13 122 14  137 12 219
129 14 122  137 182 227
122 123 129  138 182 220
130 129 123  138 183 228
123 124 130  139 183 221
131 130 124  139 184 229
124 125 131  140 184 222
132 131 125  140 185 230
125 126 132  141 185 223
133 132 126  141 186 231
126 127 133  142 186 224
134 133 127  142 187 232
127 128 134  143 187 225
5 134 128  143 188 233
128 4 5  2 188 226
14 129 15  144 13 227
135 15 129  144 189 234
129 130 135  145 189 228
136 135 130  145 190 235
130 131 136  146 190 229
137 136 131  146 191 236
131 132 137  147 191 230
138 137 132  147 192 237
132 133 138  148 192 231
139 138 133  148 193 238
133 134 139  149 193 232
6 139 134  149 194 239
134 5 6  3 194 233
15 135 16  150 14 234
140 16 135  150 195 240
135 136 140  151 195 235
141 140 136  151 196 241
136 137 141  152 196 236
142 141 137  152 197 242
137 138 142  153 197 237
143 142 138  153 198 243
138 139 143  154 198 238
7 143 139  154 199 244
139 6 7  4 199 239
16 140 17  155 15 240
144 17 140  155 200 245
140 141 144  156 200 241
145 144 141  156 201 246
141 142 145  157 201 242
146 145 142  157 202 247
142 143 146  158 202 243
8 146 143  158 203 248
143 7 8  5 203 244
17 144 18  159 16 245
147 18 144  159 204 249
144 145 147  160 204 246
148 147 145  160 205 250
145 146 148  161 205 247
9 148 146  161 206 251
146 8 9  6 206 248
18 147 19  162 17 249
149 19 147  162 207 252
147 148 149  163 207 250
10 149 148  163 208 253
148 9 10  7 208 251
19 149 20  164 18 252
11 20 149  164 209 254
149 10 11  8 209 253
20 11 2  9 19 254
1 40 3  255 0 40
150 3 40  255 300 345
40 41 150  256 300 41
151 150 41  256 301 346
41 42 151  257 301 42
152 151 42  257 302 347
42 43 152  258 302 43
153 152 43  258 303 348
43 44 153  259 303 44
154 153 44  259 304 349
44 45 154  260 304 45
155 154 45  260 305 350
45 46 155  261 305 46
156 155 46  261 306 351
46 47 156  262 306 47
157 156 47  262 307 352
47 48 157  263 307 48
31 157 48  263 308 353
48 30 31  30 308 49
3 150 4  264 1 345
158 4 150  264 309 354
150 151 158  265 309 346
159 158 151  265 310 355
151 152 159  266 310 347
160 159 152  266 311 356
152 153 160  267 311 348
161 160 153  267 312 357
153 154 161  268 312 349
162 161 154  268 313 358
154 155 162  269 313 350
163 162 155  269 314 359
155 156 163  270 314 351
164 163 156  270 315 360
156 157 164  271 315 352
32 164 157  271 316 361
157 31 32  31 316 353
4 158 5  272 2 354
165 5 158  272 317 362
158 159 165  273 317 355
166 165 159  273 318 363
159 160 166  274 318 356
167 166 160  274 319 364
160 161 167  275 319 357
168 167 161  275 320 365
161 162 168  276 320 358
169 168 162  276 321 366
162 163 169  277 321 359
170 169 163  277 322 367
163 164 170  278 322 360
33 170 164  278 323 368
164 32 33  32 323 361
5 165 6  279 3 362
171 6 165  279 324 369
165 166 171  280 324 363
172 171 166  280 325 370
166 167 172  281 325 364
173 172 167  281 326 371
167 168 173  282 326 365
174 173 168  282 327 372
168 169 174  283 327 366
175 174 169  283 328 373
169 170 175  284 328 367
34 175 170  284 329 374
170 33 34  33 329 368
6 171 7  285 4 369
176 7 171  285 330 375
171 172 176  286 330 370
177 176 172  286 331 376
172 173 177  287 331 371
178 177 173  287 332 377
173 174 178  288 332 372
179 178 174  288 333 378
174 175 179  289 333 373
35 179 175  289 334 379
175 34 35  34 334 374
7 176 8  290 5 375
180 8 176  290 335 380
176 177 180  291 335 376
181 180 177  291 336 381
177 178 181  292 336 377
182 181 178  292 337 382
178 179 182  293 337 378
36 182 179  293 338 383
179 35 36  35 338 379
8 180 9  294 6 380
183 9 180  294 339 384
180 181 183  295 339 381
184 183 181  295 340 385
181 182 184  296 340 382
37 184 182  296 341 386
182 36 37  36 341 383
9 183 10  297 7 384
185 10 183  297 342 387
183 184 185  298 342 385
38 185 184  298 343 388
184 37 38  37 343 386
10 185 11  299 8 387
39 11 185  299 344 389
185 38 39  38 344 388
11 39 2  39 9 389
30 59 31  390 30 60
186 31 59  390 435 480
59 60 186  391 435 61
187 186 60  391 436 481
60 61 187  392 436 62
188 187 61  392 437 482
61 62 188  393 437 63
189 188 62  393 438 483
62 63 189  394 438 64
190 189 63  394 439 484
63 64 190  395 439 65
191 190 64  395 440 485
64 65 191  396 440 66
192 191 65  396 441 486
65 66 192  397 441 67
193 192 66  397 442 487
66 67 193  398 442 68
50 193 67  398 443 488
67 49 50  50 443 69
31 186 32  399 31 480
194 32 186  399 444 489
186 187 194  400 444 481
195 194 187  400 445 490
187 188 195  401 445 482
196 195 188  401 446 491
188 189 196  402 446 483
197 196 189  402 447 492
189 190 197  403 447 484
198 197 190  403 448 493
190 191 198  404 448 485
199 198 191  404 449 494
191 192 199  405 449 486
200 199 192  405 450 495
192 193 200  406 450 487
51 200 193  406 451 496
193 50 51  51 451 488
32 194 33  407 32 489
201 33 194  407 452 497
194 195 201  408 452 490
202 201 195  408 453 498
195 196 202  409 453 491
203 202 196  409 454 499
196 197 203  410 454 492
204 203 197  410 455 500
197 198 204  411 455 493
205 204 198  411 456 501
198 199 205  412 456 494
206 205 199  412 457 502
199 200 206  413 457 495
52 206 200  413 458 503
200 51 52  52 458 496
33 201 34  414 33 497
207 34 201  414 459 504
201 202 207  415 459 498
208 207 202  415 460 505
202 203 208  416 460 499
209 208 203  416 461 506
203 204 209  417 461 500
210 209 204  417 462 507
204 205 210  418 462 501
211 210 205  418 463 508
205 206 211  419 463 502
53 211 206  419 464 509
206 52 53  53 464 503
34 207 35  420 34 504
212 35 207  420 465 510
207 208 212  421 465 505
213 212 208  421 466 511
208 209 213  422 466 506
214 213 209  422 467 512
209 210 214  423 467 507
215 214 210  423 468 513
210 211 215  424 468 508
54 215 211  424 469 514
211 53 54  54 469 509
35 212 36  425 35 510
216 36 212  425 470 515
212 213 216  426 470 511
217 216 213  426 471 516
213 214 217  427 471 512
218 217 214  427 472 517
214 215 218  428 472 513
55 218 215  428 473 518
215 54 55  55 473 514
36 216 37  429 36 515
219 37 216  429 474 519
216 217 219  430 474 516
220 219 217  430 475 520
217 218 220  431 475 517
56 220 218  431 476 521
218 55 56  56 476 518
37 219 38  432 37 519
221 38 219  432 477 522
219 220 221  433 477 520
57 221 220  433 478 523
220 56 57  57 478 521
38 221 39  434 38 522
58 39 221  434 479 524
221 57 58  58 479 523
39 58 2  59 39 524
49 68 50  525 50 70
222 50 68  525 570 615
68 69 222  526 570 71
223 222 69  526 571 616
69 70 223  527 571 72
224 223 70  527 572 617
70 71 224  528 572 73
225 224 71  528 573 618
71 72 225  529 573 74
226 225 72  529 574 619
72 73 226  530 574 75
227 226 73  530 575 620
73 74 227  531 575 76
228 227 74  531 576 621
74 75 228  532 576 77
229 228 75  532 577 622
75 76 229  533 577 78
12 229 76  533 578 623
76 0 12  10 578 79
50 222 51  534 51 615
230 51 222  534 579 624
222 223 230  535 579 616
231 230 223  535 580 625
223 224 231  536 580 617
232 231 224  536 581 626
224 225 232  537 581 618
233 232 225  537 582 627
225 226 233  538 582 619
234 233 226  538 583 628
226 227 234  539 583 620
235 234 227  539 584 629
227 228 235  540 584 621
236 235 228  540 585 630
228 229 236  541 585 622
13 236 229  541 586 631
229 12 13  11 586 623
51 230 52  542 52 624
237 52 230  542 587 632
230 231 237  543 587 625
238 237 231  543 588 633
231 232 238  544 588 626
239 238 232  544 589 634
232 233 239  545 589 627
240 239 233  545 590 635
233 234 240  546 590 628
241 240 234  546 591 636
234 235 241  547 591 629
242 241 235  547 592 637
235 236 242  548 592 630
14 242 236  548 593 638
236 13 14  12 593 631
52 237 53  549 53 632
243 53 237  549 594 639
237 238 243  550 594 633
244 243 238  550 595 640
238 239 244  551 595 634
245 244 239  551 596 641
239 240 245  552 596 635
246 245 240  552 597 642
240 241 246  553 597 636
247 246 241  553 598 643
241 242 247  554 598 637
15 247 242  554 599 644
242 14 15  13 599 638
53 243 54  555 54 639
248 54 243  555 600 645
243 244 248  556 600 640
249 248 244  556 601 646
244 245 249  557 601 641
250 249 245  557 602 647
245 246 250  558 602 642
251 250 246  558 603 648
246 247 251  559 603 643
16 251 247  559 604 649
247 15 16  14 604 644
54 248 55  560 55 645
252 55 248  560 605 650
248 249 252  561 605 646
253 252 249  561 606 651
249 250 253  562 606 647
254 253 250  562 607 652
250 251 254  563 607 648
17 254 251  563 608 653
251 16 17  15 608 649
55 252 56  564 56 650
255 56 252  564 609 654
252 253 255  565 609 651
256 255 253  565 610 655
253 254 256  566 610 652
18 256 254  566 611 656
254 17 18  16 611 653
56 255 57  567 57 654
257 57 255  567 612 657
255 256 257  568 612 655
19 257 256  568 613 658
256 18 19  17 613 656
57 257 58  569 58 657
20 58 257  569 614 659
257 19 20  18 614 658
58 20 2  19 59 659
0 87 21  660 20 90
258 21 87  660 705 750
87 88 258  661 705 91
259 258 88  661 706 751
88 89 259  662 706 92
260 259 89  662 707 752
89 90 260  663 707 93
261 260 90  663 708 753
90 91 261  664 708 94
262 261 91  664 709 754
91 92 262  665 709 95
263 262 92  665 710 755
92 93 263  666 710 96
264 263 93  666 711 756
93 94 264  667 711 97
265 264 94  667 712 757
94 95 265  668 712 98
86 265 95  668 713 758
95 77 86  89 713 99
21 258 22  669 21 750
266 22 258  669 714 759
258 259 266  670 714 751
267 266 259  670 715 760
259 260 267  671 715 752
268 267 260  671 716 761
260 261 268  672 716 753
269 268 261  672 717 762
261 262 269  673 717 754
270 269 262  673 718 763
262 263 270  674 718 755
271 270 263  674 719 764
263 264 271  675 719 756
272 271 264  675 720 765
264 265 272  676 720 757
85 272 265  676 721 766
265 86 85  88 721 758
22 266 23  677 22 759
273 23 266  677 722 767
266 267 273  678 722 760
274 273 267  678 723 768
267 268 274  679 723 761
275 274 268  679 724 769
268 269 275  680 724 762
276 275 269  680 725 770
269 270 276  681 725 763
277 276 270  681 726 771
270 271 277  682 726 764
278 277 271  682 727 772
271 272 278  683 727 765
84 278 272  683 728 773
272 85 84  87 728 766
23 273 24  684 23 767
279 24 273  684 729 774
273 274 279  685 729 768
280 279 274  685 730 775
274 275 280  686 730 769
281 280 275  686 731 776
275 276 281  687 731 770
282 281 276  687 732 777
276 277 282  688 732 771
283 282 277  688 733 778
277 278 283  689 733 772
83 283 278  689 734 779
278 84 83  86 734 773
24 279 25  690 24 774
284 25 279  690 735 780
279 280 284  691 735 775
285 284 280  691 736 781
280 281 285  692 736 776
286 285 281  692 737 782
281 282 286  693 737 777
287 286 282  693 738 783
282 283 287  694 738 778
82 287 283  694 739 784
283 83 82  85 739 779
25 284 26  695 25 780
288 26 284  695 740 785
284 285 288  696 740 781
289 288 285  696 741 786
285 286 289  697 741 782
290 289 286  697 742 787
286 287 290  698 742 783
81 290 287  698 743 788
287 82 81  84 743 784
26 288 27  699 26 785
291 27 288  699 744 789
288 289 291  700 744 786
292 291 289  700 745 790
289 290 292  701 745 787
80 292 290  701 746 791
290 81 80  83 746 788
27 291 28  702 27 789
293 28 291  702 747 792
291 292 293  703 747 790
79 293 292  703 748 793
292 80 79  82 748 791
28 293 29  704 28 792
78 29 293  704 749 794
293 79 78  81 749 793
29 78 1  80 29 794
1 78 40  795 40 80
294 40 78  795 840 885
78 79 294  796 840 81
295 294 79  796 841 886
79 80 295  797 841 82
296 295 80  797 842 887
80 81 296  798 842 83
297 296 81  798 843 888
81 82 297  799 843 84
298 297 82  799 844 889
82 83 298  800 844 85
299 298 83  800 845 890
83 84 299  801 845 86
300 299 84  801 846 891
84 85 300  802 846 87
301 300 85  802 847 892
85 86 301  803 847 88
104 301 86  803 848 893
86 77 104  109 848 89
40 294 41  804 41 885
302 41 294  804 849 894
294 295 302  805 849 886
303 302 295  805 850 895
295 296 303  806 850 887
304 303 296  806 851 896
296 297 304  807 851 888
305 304 297  807 852 897
297 298 305  808 852 889
306 305 298  808 853 898
298 299 306  809 853 890
307 306 299  809 854 899
299 300 307  810 854 891
308 307 300  810 855 900
300 301 308  811 855 892
103 308 301  811 856 901
301 104 103  108 856 893
41 302 42  812 42 894
309 42 302  812 857 902
302 303 309  813 857 895
310 309 303  813 858 903
303 304 310  814 858 896
311 310 304  814 859 904
304 305 311  815 859 897
312 311 305  815 860 905
305 306 312  816 860 898
313 312 306  816 861 906
306 307 313  817 861 899
314 313 307  817 862 907
307 308 314  818 862 900
102 314 308  818 863 908
308 103 102  107 863 901
42 309 43  819 43 902
315 43 309  819 864 909
309 310 315  820 864 903
316 315 310  820 865 910
310 311 316  821 865 904
317 316 311  821 866 911
311 312 317  822 866 905
318 317 312  822 867 912
312 313 318  823 867 906
319 318 313  823 868 913
313 314 319  824 868 907
101 319 314  824 869 914
314 102 101  106 869 908
43 315 44  825 44 909
320 44 315  825 870 915
315 316 320  826 870 910
321 320 316  826 871 916
316 317 321  827 871 911
322 321 317  827 872 917
317 318 322  828 872 912
323 322 318  828 873 918
318 319 323  829 873 913
100 323 319  829 874 919
319 101 100  105 874 914
44 320 45  830 45 915
324 45 320  830 875 920
320 321 324  831 875 916
325 324 321  831 876 921
321 322 325  832 876 917
326 325 322  832 877 922
322 323 326  833 877 918
99 326 323  833 878 923
323 100 99  104 878 919
45 324 46  834 46 920
327 46 324  834 879 924
324 325 327  835 879 921
328 327 325  835 880 925
325 326 328  836 880 922
98 328 326  836 881 926
326 99 98  103 881 923
46 327 47  837 47 924
329 47 327  837 882 927
327 328 329  838 882 925
97 329 328  838 883 928
328 98 97  102 883 926
47 329 48  839 48 927
96 48 329  839 884 929
329 97 96  101 884 928
48 96 30  100 49 929
30 96 59  930 60 100
330 59 96  930 975 1020
96 97 330  931 975 101
331 330 97  931 976 1021
97 98 331  932 976 102
332 331 98  932 977 1022
98 99 332  933 977 103
333 332 99  933 978 1023
99 100 333  934 978 104
334 333 100  934 979 1024
100 101 334  935 979 105
335 334 101  935 980 1025
101 102 335  936 980 106
336 335 102  936 981 1026
102 103 336  937 981 107
337 336 103  937 982 1027
103 104 337  938 982 108
113 337 104  938 983 1028
104 77 113  119 983 109
59 330 60  939 61 1020
338 60 330  939 984 1029
330 331 338  940 984 1021
339 338 331  940 985 1030
331 332 339  941 985 1022
340 339 332  941 986 1031
332 333 340  942 986 1023
341 340 333  942 987 1032
333 334 341  943 987 1024
342 341 334  943 988 1033
334 335 342  944 988 1025
343 342 335  944 989 1034
335 336 343  945 989 1026
344 343 336  945 990 1035
336 337 344  946 990 1027
112 344 337  946 991 1036
337 113 112  118 991 1028
60 338 61  947 62 1029
345 61 338  947 992 1037
338 339 345  948 992 1030
346 345 339  948 993 1038
339 340 346  949 993 1031
347 346 340  949 994 1039
340 341 347  950 994 1032
348 347 341  950 995 1040
341 342 348  951 995 1033
349 348 342  951 996 1041
342 343 349  952 996 1034
350 349 343  952 997 1042
343 344 350  953 997 1035
111 350 344  953 998 1043
344 112 111  117 998 1036
61 345 62  954 63 1037
351 62 345  954 999 1044
345 346 351  955 999 1038
352 351 346  955 1000 1045
346 347 352  956 1000 1039
353 352 347  956 1001 1046
347 348 353  957 1001 1040
354 353 348  957 1002 1047
348 349 354  958 1002 1041
355 354 349  958 1003 1048
349 350 355  959 1003 1042
110 355 350  959 1004 1049
350 111 110  116 1004 1043
62 351 63  960 64 1044
356 63 351  960 1005 1050
351 352 356  961 1005 1045
357 356 352  961 1006 1051
352 353 357  962 1006 1046
358 357 353  962 1007 1052
353 354 358  963 1007 1047
359 358 354  963 1008 1053
354 355 359  964 1008 1048
109 359 355  964 1009 1054
355 110 109  115 1009 1049
63 356 64  965 65 1050
360 64 356  965 1010 1055
356 357 360  966 1010 1051
361 360 357  966 1011 1056
357 358 361  967 1011 1052
362 361 358  967 1012 1057
358 359 362  968 1012 1053
108 362 359  968 1013 1058
359 109 108  114 1013 1054
64 360 65  969 66 1055
363 65 360  969 1014 1059
360 361 363  970 1014 1056
364 363 361  970 1015 1060
361 362 364  971 1015 1057
107 364 362  971 1016 1061
362 108 107  113 1016 1058
65 363 66  972 67 1059
365 66 363  972 1017 1062
363 364 365  973 1017 1060
106 365 364  973 1018 1063
364 107 106  112 1018 1061
66 365 67  974 68 1062
105 67 365  974 1019 1064
365 106 105  111 1019 1063
67 105 49  110 69 1064
49 105 68  1065 70 110
366 68 105  1065 1110 1155
105 106 366  1066 1110 111
367 366 106  1066 1111 1156
106 107 367  1067 1111 112
368 367 107  1067 1112 1157
107 108 368  1068 1112 113
369 368 108  1068 1113 1158
108 109 369  1069 1113 114
370 369 109  1069 1114 1159
109 110 370  1070 1114 115
371 370 110  1070 1115 1160
110 111 371  1071 1115 116
372 371 111  1071 1116 1161
111 112 372  1072 1116 117
373 372 112  1072 1117 1162
112 113 373  1073 1117 118
95 373 113  1073 1118 1163
113 77 95  99 1118 119
68 366 69  1074 71 1155
374 69 366  1074 1119 1164
366 367 374  1075 1119 1156
375 374 367  1075 1120 1165
367 368 375  1076 1120 1157
376 375 368  1076 1121 1166
368 369 376  1077 1121 1158
377 376 369  1077 1122 1167
369 370 377  1078 1122 1159
378 377 370  1078 1123 1168
370 371 378  1079 1123 1160
379 378 371  1079 1124 1169
371 372 379  1080 1124 1161
380 379 372  1080 1125 1170
372 373 380  1081 1125 1162
94 380 373  1081 1126 1171
373 95 94  98 1126 1163
69 374 70  1082 72 1164
381 70 374  1082 1127 1172
374 375 381  1083 1127 1165
382 381 375  1083 1128 1173
375 376 382  1084 1128 1166
383 382 376  1084 1129 1174
376 377 383  1085 1129 1167
384 383 377  1085 1130 1175
377 378 384  1086 1130 1168
385 384 378  1086 1131 1176
378 379 385  1087 1131 1169
386 385 379  1087 1132 1177
379 380 386  1088 1132 1170
93 386 380  1088 1133 1178
380 94 93  97 1133 1171
70 381 71  1089 73 1172
387 71 381  1089 1134 1179
381 382 387  1090 1134 1173
388 387 382  1090 1135 1180
382 383 388  1091 1135 1174
389 388 383  1091 1136 1181
383 384 389  1092 1136 1175
390 389 384  1092 1137 1182
384 385 390  1093 1137 1176
391 390 385  1093 1138 1183
385 386 391  1094 1138 1177
92 391 386  1094 1139 1184
386 93 92  96 1139 1178
71 387 72  1095 74 1179
392 72 387  1095 1140 1185
387 388 392  1096 1140 1180
393 392 388  1096 1141 1186
388 389 393  1097 1141 1181
394 393 389  1097 1142 1187
389 390 394  1098 1142 1182
395 394 390  1098 1143 1188
390 391 395  1099 1143 1183
91 395 391  1099 1144 1189
391 92 91  95 1144 1184
72 392 73  1100 75 1185
396 73 392  1100 1145 1190
392 393 396  1101 1145 1186
397 396 393  1101 1146 1191
393 394 397  1102 1146 1187
398 397 394  1102 1147 1192
394 395 398  1103 1147 1188
90 398 395  1103 1148 1193
395 91 90  94 1148 1189
73 396 74  1104 76 1190
399 74 396  1104 1149 1194
396 397 399  1105 1149 1191
400 399 397  1105 1150 1195
397 398 400  1106 1150 1192
89 400 398  1106 1151 1196
398 90 89  93 1151 1193
74 399 75  1107 77 1194
401 75 399  1107 1152 1197
399 400 401  1108 1152 1195
88 401 400  1108 1153 1198
400 89 88  92 1153 1196
75 401 76  1109 78 1197
87 76 401  1109 1154 1199
401 88 87  91 1154 1198
76 87 0  90 79 1199
